3 0.11514865468749999 0.4571875 0.0759792359375 0.45375 0.0627654546875 0.45906250000000004 0.050967437500000004 0.4690625 0.0250117984375 0.5028125 0.0179329875 0.5184375 0.012741859375000001 0.5909375 0.0132137796875 0.62 0.017461067187500002 0.6368750000000001 0.0264275609375 0.6528125 0.050967437500000004 0.6840625 0.060877771875 0.691875 0.072675790625 0.7056250000000001 0.09579990625 0.760625 0.1047664 0.77625 0.13166587968750001 0.8087500000000001 0.147711184375 0.8256249999999999 0.1675318546875 0.8440625 0.18357715937500002 0.8565625000000001 0.1991505421875 0.86625 0.2067012734375 0.8790625000000001 0.21661160937499999 0.8865624999999999 0.21849929218750003 0.89 0.2170835296875 0.9015625 0.225578103125 0.93 0.22652194374999998 0.9481249999999999 0.22935346874999998 0.9596875 0.2312411515625 0.961875 0.23690419999999998 0.9640625 0.24728645624999998 0.9653124999999999 0.2548371875 0.9643750000000001 0.2633317609375 0.9603125 0.2680509671875 0.9546875 0.27418593750000003 0.9400000000000001 0.28409627187500003 0.9334374999999999 0.290231240625 0.9346875000000001 0.3029731 0.94625 0.31996224687499997 0.9565625000000001 0.32845681875 0.95625 0.3341198671875 0.9534375 0.342614440625 0.944375 0.34497404375 0.9340624999999999 0.3445021234375 0.8800000000000001 0.34214252031250003 0.8528125 0.3430863609375 0.8306250000000001 0.3624351109375 0.7737499999999999 0.3841434640625 0.7415625 0.3940537984375 0.7190624999999999 0.394997640625 0.6953125 0.3902784328125 0.6453125 0.3865030671875 0.626875 0.3817838609375 0.619375 0.36290703125 0.6015625 0.33176026406250003 0.559375 0.3100519109375 0.5415625000000001 0.3043888625 0.5340625 0.2973100515625 0.5125 0.2973100515625 0.49000000000000005 0.294478528125 0.480625 0.290231240625 0.47906250000000006 0.27654554062500003 0.4815625 0.249646059375 0.49124999999999996 0.2411514859375 0.49874999999999997 0.23029730937499998 0.5165625 0.22605002343749997 0.5184375 0.2232185 0.5181250000000001 0.21142048125000001 0.5109375 0.19584709843749998 0.4890625 0.1878244453125 0.471875 0.18357715937500002 0.4565625 0.17980179375 0.45093750000000005 0.174610665625 0.44718749999999996 0.1684756953125 0.445625 0.15620575781249998 0.45 0.13685700781250001 0.4515625 0.11514865468749999 0.4571875
4 0.576866646875 0.5617302328125 0.5683640765625 0.5612971328125 0.5578993750000001 0.5599978343750001 0.547434675 0.5591316359375 0.5343537984375 0.560430934375 0.521926965625 0.568226728125 0.518002703125 0.5760225218749999 0.5036137390625 0.590747909375 0.510154178125 0.59377960625 0.525851228125 0.591181009375 0.5271593171875 0.5872831125 0.5408942359375 0.5768887203124999 0.54678063125 0.575156321875 0.5592074640625 0.572124625 0.5696721640625 0.571258425 0.576866646875 0.5738570234375 0.573596428125 0.5781880187499999 0.5677100328125 0.5838183140625001 0.5605155515625 0.5885824109375 0.55201298125 0.5955120046875 0.54678063125 0.5981106031250001 0.5271593171875 0.6007092 0.514732484375 0.6015754 0.4983813890625 0.6111035921875 0.5016516078125 0.6154345890624999 0.5108082203125 0.6158676875 0.527813359375 0.613269090625 0.5389321046875 0.6163007875 0.5376240171875 0.6223641828125 0.527813359375 0.6297268765624999 0.516694615625 0.6414205671875 0.521926965625 0.642286765625 0.5363159296875 0.6368730203124999 0.54678063125 0.6310261749999999 0.54808871875 0.6284275781249999 0.5565912890625 0.619765584375 0.5650938578125 0.612835990625 0.5657479015625 0.6072056953125 0.5683640765625 0.6037408984375 0.572942384375 0.6011423 0.5873313484375 0.5963782046875 0.5925636984375 0.5981106031250001 0.5945258296875 0.6041739984375 0.5912556109375 0.6063394953125 0.580790909375 0.6115366921875001 0.5866773046875 0.6158676875 0.5938717859375 0.6163007875 0.6017203109375 0.6155699328125 0.6121850125 0.613269090625 0.6180714078125 0.6124028906250001 0.6252658890625 0.612835990625 0.6416169843749999 0.6115366921875001 0.6448872031249999 0.60991256875 0.642306796875 0.6037408984375 0.61283905625 0.6041739984375 0.6069526625 0.5997482609375 0.6265739765625 0.5968113046875 0.6267374875 0.589665159375 0.60760670625 0.589881709375 0.60629861875 0.5864169125 0.583407084375 0.589881709375 0.5971420046875 0.5699591265625 0.6219956703125 0.560430934375 0.61545523125 0.552202040625 0.5958339171875 0.559564734375 0.5932177421875 0.5599978343750001 0.576866646875 0.5617302328125
4 0.46199072812499997 0.5316102734375 0.4574511375 0.5246732109375001 0.44662595781250003 0.5230545625 0.4441815625 0.5221296203125 0.438594371875 0.5140363796874999 0.4319595859375 0.508920296875 0.4267215953125 0.5110303203125001 0.43754677500000005 0.5274480359375 0.45129023437500004 0.5318463578125 0.45783067187500004 0.54180765 0.4447497953125 0.5409414499999999 0.43363104999999996 0.5357442546875 0.43232296249999996 0.5318463578125 0.42774465624999997 0.5279484609375 0.4172799546875 0.5262160625 0.4081233421875 0.5262160625 0.398966728125 0.5270822625 0.3871939390625 0.5300056843750001 0.389156071875 0.5361773546874999 0.400274815625 0.5335787562500001 0.4185880421875 0.537043553125 0.41924208749999997 0.5465717453125001 0.42970678749999996 0.5457055468750001 0.4369012703125 0.54917034375 0.4800681625 0.54830414375 0.48072220468750004 0.5405083515625 0.46757791718749997 0.540859690625 0.4644351234375 0.5378536296875 0.46199072812499997 0.5316102734375
4 0.5601157437500001 0.70179955625 0.5639569359375 0.7045743812499999 0.5723377203125 0.706424265625 0.5786233078125 0.7080429140625 0.5873532921875 0.7082741484375 0.59294048125 0.7082741484375 0.5974800734375 0.7068867359375 0.597829271875 0.703649440625 0.597829271875 0.702262028125 0.59957526875 0.6994872015625 0.601321265625 0.6960186703125 0.6023688640625 0.691625196875 0.6044640593749999 0.687462959375 0.5953848765624999 0.6844568984375 0.5894484875 0.687462959375 0.584559696875 0.6907002546875 0.5821153015625 0.6886191359375 0.5768773109375 0.6872317234375 0.571639321875 0.6890816078124999 0.5674489296874999 0.6907002546875 0.5594173437500001 0.691625196875 0.5576713484375 0.6907002546875 0.5555761515625 0.688850371875 0.5520841578125 0.6863067828125 0.54649696875 0.6858154062499999 0.541957378125 0.6867981578125 0.5360209890625 0.6883011875 0.5297354000000001 0.691625196875 0.5244974109375 0.6960186703125 0.521703815625 0.7006433796875 0.51332303125 0.705036853125 0.5080850421875 0.7052680875 0.5000534562500001 0.7054993234375 0.4906250734375 0.707811678125 0.4825934890625 0.712667621875 0.47770469843749996 0.7165986249999999 0.4742127046875 0.7216858046875 0.47578410312499997 0.725269953125 0.4808474921875 0.7256168062499999 0.48852987812500004 0.7230732171875001 0.49341866874999996 0.7200671562500001 0.498918559375 0.717523565625 0.50668824375 0.7147487406249999 0.515069028125 0.7117426796874999 0.5187356203125 0.711280209375 0.525086684375 0.7105865031249999 0.5304337984374999 0.7108177390625 0.5339257921875 0.7117426796874999 0.5363701875 0.7138238 0.541957378125 0.715442446875 0.5461477703125001 0.716829859375 0.554528553125 0.7184485078125 0.5653537328125 0.71867974375 0.5723377203125 0.71867974375 0.584908896875 0.717523565625 0.5964324750000001 0.71451750625 0.5939880796875 0.711973915625 0.5878770906249999 0.7105865031249999 0.5852580953125 0.7101240328125 0.5747821156249999 0.709892796875 0.5716164734375 0.7098783453124999 0.55985384375 0.7091990906250001 0.5520841578125 0.707811678125 0.5444017734375 0.7054993234375 0.5405605796875 0.7034182046875 0.5395129828125 0.7013370859375 0.54021138125 0.6994872015625 0.547893765625 0.6960186703125 0.551385759375 0.6971748484375 0.5524333578125 0.6985622609375 0.5573221484374999 0.6999496734374999 0.5601157437500001 0.70179955625
4 0.7745241390625 0.6157799734375 0.7741749390625 0.61762985625 0.7678893515625 0.6204046828124999 0.7614946375 0.62170538125 0.7574133703125 0.6224858015625 0.753572178125 0.623641978125 0.744143796875 0.624335684375 0.7416557515625 0.624335684375 0.7378582078125 0.616011209375 0.7399534046875 0.6130051484375 0.7427469984374999 0.6102303234375 0.744143796875 0.606761790625 0.746588190625 0.6030620234375 0.7469373906250001 0.6009809046875 0.7444929953125 0.5983795062499999 0.7423978 0.5970499031250001 0.7350646125 0.59658743125 0.7277314265625 0.599824728125 0.72563623125 0.602599553125 0.7217950375 0.6044494375 0.716906246875 0.6062993203125 0.7123666562500001 0.60930538125 0.7104460593749999 0.6116177359375 0.7088746625 0.61208020625 0.7064302671875 0.6076867328125 0.713763453125 0.60514314375 0.7176046453125 0.6021370828125 0.7193506421875 0.5995934921875 0.7176046453125 0.5970499031250001 0.6990970812499999 0.6030620234375 0.6990970812499999 0.603986965625 0.6990970812499999 0.6042182015625001 0.69228769375 0.6014433765625 0.6900178984374999 0.599824728125 0.6879227015625 0.599131021875 0.6844307093750001 0.5968186671875 0.6802403171875 0.5940438421875001 0.6760499249999999 0.5910377812500001 0.6715103328125 0.5880317203125001 0.6687167374999999 0.583638246875 0.6680183390625001 0.579476009375 0.6680183390625001 0.5792447734375 0.67919271875 0.583638246875 0.6854783062500001 0.5857193656249999 0.690367096875 0.5820196 0.6865259046875 0.5786666859375 0.6823355125 0.5769324203124999 0.6816371140624999 0.57635433125 0.687573503125 0.5725389468750001 0.687224303125 0.5687235609375 0.6851291078124999 0.567972046875 0.6812879140625 0.5679142374999999 0.6753515250000001 0.5695328859375001 0.6729071296875 0.5702265921875 0.6629549484374999 0.5697641203125 0.654399565625 0.56860794375 0.6427450375 0.5679142374999999 0.6350190015625 0.5681454734375 0.6299556109375 0.576007478125 0.620876428125 0.5757762421875 0.6222732265625 0.5817883640625 0.6236700234375 0.582250834375 0.6243684218750001 0.5838694828125 0.6236700234375 0.586413071875 0.6296064125 0.5878004859375 0.6334476046875 0.5850256593750001 0.635892 0.5792447734375 0.637288796875 0.5778573609375 0.6400823921875001 0.5762387125 0.647764778125 0.5764699484375 0.650558371875 0.5792447734375 0.65265356875 0.5817883640625 0.6554471640624999 0.5852568953125 0.6561455625 0.58965036875 0.6599867546875 0.5931189 0.6631295484375 0.5952000187500001 0.6694151374999999 0.5982060796875001 0.67255793125 0.5995934921875 0.6732563296875 0.600518434375 0.6701135359375 0.6023683171875 0.66278035 0.603293259375 0.6568439609375 0.6021370828125 0.6516059703125 0.6002871984375 0.644272784375 0.5970499031250001 0.6414791890625 0.595662490625 0.637637996875 0.594968784375 0.6348444015625 0.595893725 0.6337968046875 0.5993622578125 0.635892 0.6016746109375 0.6379871968749999 0.602599553125 0.6414791890625 0.604680671875 0.64566958125 0.6076867328125 0.649161575 0.6099990875 0.6519551703124999 0.6109240296875 0.6585899578125 0.6104615578125 0.66243115 0.6099990875 0.6718595328125 0.6095366171875 0.674303928125 0.6097678515625 0.693859090625 0.61069279375 0.6963034859375 0.6185547984374999 0.7018906765625 0.6215608593749999 0.7088746625 0.6213296234375 0.7200490421875 0.624335684375 0.7207474406250001 0.6206359171875 0.717255446875 0.616011209375 0.7162078484375 0.616011209375 0.7259854296875 0.60791796875 0.7350646125 0.605374378125 0.734017015625 0.6090741453125 0.7263346296875001 0.615317503125 0.7259854296875 0.6241044484375 0.7280806265625 0.629191628125 0.7357630125 0.632775778125 0.7375090078125 0.6328913953125 0.7430961984375 0.6332382484375 0.7549689749999999 0.6308102765625 0.75846096875 0.6424876671875001 0.76544495625 0.6416783421875001 0.76544495625 0.6308102765625 0.7755717359375 0.62618556875 0.7829049218749999 0.6217920953125 0.782206525 0.62896039375 0.7888413109375 0.6294228640624999 0.7909365078125 0.624335684375 0.7891905109375 0.619710975 0.7937301031249999 0.6178610921875001 0.8028092859375 0.616704915625 0.810142471875 0.6155487374999999 0.819396253125 0.6111552640625 0.823062846875 0.6083804390625 0.8241104453125001 0.6062993203125 0.8199200531249999 0.603986965625 0.81119006875 0.60583685 0.79861889375 0.6104615578125 0.7881429125 0.6130051484375 0.7780161328124999 0.6130051484375 0.7745241390625 0.6157799734375
4 0.6098100484375 0.65865668125 0.6176397078125 0.6576596218749999 0.6337507390625 0.656363446875 0.6378161390625 0.6508796265625 0.63932184375 0.6478884515625001 0.6329978875 0.6413078671875 0.6272762125 0.6345278703125 0.6218556796875 0.6301408140625 0.6173385671875 0.62784758125 0.6158328640625 0.6257537578125001 0.6134237375 0.6219649375 0.613122596875 0.620967878125 0.618844271875 0.619771409375 0.6212533984374999 0.6183755265624999 0.6230602421875 0.615783175 0.6236625234375001 0.61458670625 0.6185431312499999 0.613190825 0.6128214562500001 0.61438729375 0.6110146109375 0.61458670625 0.6064974999999999 0.61438729375 0.60017354375 0.615384353125 0.5944518703125 0.6183755265624999 0.594150728125 0.62316140625 0.5959575734375 0.6245572890625 0.5904617546875001 0.6245572890625 0.58752563125 0.6237596421875 0.586019928125 0.6219649375 0.5843636546875 0.6213667015625 0.5790936906249999 0.6273490515625 0.5833096609374999 0.63193551875 0.5878267734375 0.6341290468749999 0.592946165625 0.634328459375 0.5971621359375 0.6341290468749999 0.599270121875 0.6339296359375 0.6110146109375 0.63791786875 0.6149294421875 0.6421055140624999 0.6212533984374999 0.6466919812499999 0.6224579609374999 0.6476890390625 0.6116168937500001 0.6486860984375 0.6064974999999999 0.6484866859375 0.6025826703125 0.6508796265625 0.599270121875 0.6520760953125 0.592946165625 0.6472902171875 0.594150728125 0.6433019828125001 0.6013781078125 0.6419061015625 0.6025826703125 0.638516103125 0.598667840625 0.63512610625 0.5944518703125 0.634328459375 0.5890313359375 0.6353255171875001 0.5824062390625 0.637319634375 0.58059939375 0.6377184578125 0.57939483125 0.635724340625 0.579695971875 0.6339296359375 0.5821050984375 0.631337284375 0.5799971125 0.628346109375 0.575103575 0.626950228125 0.5718663125 0.6267508171875 0.5691560453125 0.6277478750000001 0.5644695421875 0.6273490515625 0.55944425625 0.626950228125 0.5550024296875 0.6289443453125 0.5565081328125 0.6341290468749999 0.55982068125 0.6387155156250001 0.5661446375 0.6421055140624999 0.5712640312499999 0.6464925703125 0.5751788609374999 0.648885509375 0.5742754390625 0.6514778609375 0.5703606078125001 0.6544690359375 0.5694571859375 0.65845726875 0.5709628906249999 0.6624455015625 0.5766845640625 0.667131675 0.584815365625 0.6712196140625 0.5995712625 0.6742107890625 0.6134237375 0.676803140625 0.6311910421875 0.675407259375 0.63932184375 0.672416084375 0.6420321109375 0.6690260859375 0.639622984375 0.6646390296875 0.63239560625 0.66424020625 0.618844271875 0.666433734375 0.6104123296874999 0.662246090625 0.5995712625 0.6624455015625 0.6098100484375 0.65865668125
4 0.5354282796875001 0.5216608765624999 0.5290290390625 0.52046440625 0.525791775 0.52046440625 0.5190161078125 0.52046440625 0.513445003125 0.5194673484375001 0.5070457625 0.519068525 0.5004959515625 0.5210626421875 0.49748454375 0.5224585234375 0.4935320703125 0.521262053125 0.48995602343750005 0.5188691140625 0.4887514609375 0.51767264375 0.48965488281249997 0.5148808812500001 0.48829975000000003 0.51318588125 0.48385792343749995 0.5130861765625 0.47791039375000005 0.5162767625 0.47557655312499997 0.5162767625 0.47218871875 0.5156785265625 0.4685750296875 0.520065584375 0.4752001265625 0.5248514625 0.4833309265625 0.5246520515624999 0.485137771875 0.5248514625 0.49055830624999996 0.5277460484375001 0.503507359375 0.527244403125 0.51254158125 0.5266461687499999 0.5152518484375 0.5266461687499999 0.523683790625 0.5278426374999999 0.5200701 0.5328279296875 0.5122404406250001 0.5324291062500001 0.511638159375 0.537613809375 0.5092290328125 0.53821204375 0.505314203125 0.5384114546875 0.49688226249999995 0.5445932171875 0.5017005140624999 0.5481826265625 0.5101324546875 0.5473849796875 0.5188655375 0.5414026296875 0.5221780859375 0.5386108671875001 0.52518949375 0.536018515625 0.5291043234374999 0.5342238109374999 0.5330191531249999 0.5386108671875001 0.5360305609375 0.5418014531249999 0.5408488140625 0.5435961578125 0.5450647843749999 0.54419439375 0.5498830359375 0.5404055718749999 0.5483773328125 0.5348220453125 0.5450647843749999 0.5306344015625 0.5483773328125 0.5268455796875 0.5522921625 0.5276432265625 0.5565081328125 0.5292385187499999 0.5628320890625 0.528640284375 0.56554235625 0.5262473453125 0.5631332296875 0.52365499375 0.5616275265625 0.5222591125 0.5574115546875 0.5196667609375 0.5559058515624999 0.5196667609375 0.5452487328125 0.5186721609375 0.53964425 0.5194673484375001 0.538138546875 0.5202649953125 0.5354282796875001 0.5216608765624999
4 0.9490007500000001 0.6597597140625 0.9499868515625 0.6616370453125 0.952698634375 0.6624532765625 0.9554104171875 0.6624532765625 0.9601098140625 0.6594332203125 0.96129621875 0.6573926421875 0.9614502984375 0.6564947890624999 0.9650249203125 0.6586169890625 0.9665657062499999 0.6598413359374999 0.970664196875 0.660494321875 0.9752557375 0.658861859375 0.9729137437500001 0.6537196015625 0.9690925953124999 0.6533114859375 0.9640388171875 0.6511076625000001 0.9616968234375 0.649067084375 0.9592315656249999 0.6455572890625 0.9544243140625 0.6375582234375 0.9538080000000001 0.6340484296875 0.9536847375 0.6315997359375001 0.952575371875 0.6253147546875 0.9494938015625 0.623345596875 0.94715180625 0.6220498296875 0.9446865499999999 0.6212744109375 0.940453240625 0.61629795 0.93840014375 0.6142752265625 0.9365167734375 0.611884921875 0.9344095078124999 0.6092860140624999 0.932237 0.6085003906249999 0.9286623781250001 0.6085003906249999 0.92582733125 0.610132853125 0.9263203828125001 0.6130712859375 0.9273064859375 0.616172965625 0.9285391140625 0.619029775 0.93014153125 0.6209887296875001 0.9343324687499999 0.6234374234375 0.9349487828124999 0.625559625 0.9333463656250001 0.63070188125 0.9306345828125 0.6363338765625 0.9284158515625001 0.6391906859375001 0.9242249140625001 0.643353465625 0.9219445515625001 0.6465367671875 0.9191711375 0.6500465609375 0.9191711375 0.651760646875 0.9199107140624999 0.6530666171874999 0.9294019546875001 0.652332009375 0.9395095093749999 0.6480059828125 0.9433306578125 0.6414761328125 0.944070234375 0.6351095296875 0.9446865499999999 0.6281715640625001 0.9483844343750001 0.6431085953125 0.9514975437500001 0.64867969375 0.9530684234375 0.653964471875 0.9490007500000001 0.6597597140625
4 0.9334747078125 0.50069369375 0.9340959765625 0.5014196875 0.9362886906250001 0.5033556703125 0.940345209375 0.50209728125 0.9419897453124999 0.49909650625 0.9409664796874999 0.49687012656249996 0.9386275843749999 0.49551493750000003 0.9326341671874999 0.4909169765625 0.93234180625 0.48970698749999997 0.9338036140625 0.48670621406250003 0.93482688125 0.48389903749999996 0.9355577859374999 0.4812612609375 0.9329265296875 0.4796398734375 0.9311723578125 0.479930271875 0.9282487406250001 0.482156653125 0.92707929375 0.483608640625 0.9269331125000001 0.48622221718749997 0.9276640171875 0.4877710046875 0.9251789421875 0.48951338906249997 0.9238633125 0.49096537656250006 0.9226938656250001 0.488642196875 0.922547684375 0.48806140156250005 0.9199164281250001 0.4884485984375 0.917869896875 0.4899005859375 0.914653915625 0.491158975 0.9118764796875001 0.49048138124999996 0.9101223078125 0.49019098281250006 0.9071621453125 0.4898037875 0.9060292437499999 0.48931979062500003 0.9083681374999999 0.4873838078125 0.9083681374999999 0.485738221875 0.9046405249999999 0.48467343124999995 0.9013514546874999 0.4852542265625 0.8981354734375 0.4876742046875 0.8953580375 0.48835179999999995 0.89290950625 0.48883579531250004 0.8917035140625 0.4906749796875 0.896381303125 0.49261096249999997 0.8998896453125 0.49261096249999997 0.9007667296875 0.49328855625 0.9013514546874999 0.49551493750000003 0.9017899968749999 0.4989029078125 0.9035441671875001 0.5015164859375 0.9052983390625 0.5038396656249999 0.9064677859374999 0.5061628453125 0.9092452234374999 0.508195628125 0.9114379359375 0.5101800109375 0.9142153734375 0.51216439375 0.9158233640625 0.513325984375 0.9245942171875001 0.5156673140625 0.9264945703125 0.5159395625000001 0.9339497953125001 0.5160847609375 0.9351192421875 0.5158427624999999 0.93731195625 0.5128419890625 0.9355577859374999 0.5117771984374999 0.931026178125 0.51080920625 0.9273716546875 0.510422009375 0.9240094937500001 0.5096476156249999 0.9222553234375 0.508582825 0.9199164281250001 0.5072276375 0.9186007999999999 0.50635644375 0.916115725 0.5046140593749999 0.9131921078125 0.5026780765625001 0.91129175625 0.5008388921875 0.9104146703125 0.499483703125 0.9086605000000001 0.49628933125 0.9179429859375 0.49551493750000003 0.927791925 0.495151940625 0.930587634375 0.4983221140625 0.9334747078125 0.50069369375
4 0.25988740625 0.809670721875 0.27205378593749996 0.8081041953125 0.276109246875 0.8076566156249999 0.28320630156250004 0.8055306140624999 0.286247896875 0.7980336640625 0.2838822125 0.7957957671875 0.2774610671875 0.796914715625 0.2757712921875 0.7971385046874999 0.27272969687500004 0.79601955625 0.2679983265625 0.7953481874999999 0.25988740625 0.796243346875 0.251100575 0.7984812421874999 0.24467942968749998 0.8007191390624999 0.24603125 0.7989288218749999 0.26157718124999996 0.7944530296875 0.2686742359375 0.7917675546875 0.27847493125 0.79199134375 0.2852340328125 0.7937816609375 0.2919931328125 0.7937816609375 0.2960485921875 0.7926627125000001 0.298076321875 0.790201028125 0.298076321875 0.7870679734375 0.2933449515625 0.784941971875 0.29064131249999997 0.78326355 0.2923310875 0.7797948124999999 0.294696771875 0.7765498625 0.2950347265625 0.77319301875 0.2936829078125 0.77050754375 0.2957106375 0.76703880625 0.3007799625 0.7631224875 0.3053212328125 0.75734591875 0.30652519843750003 0.7531638515625 0.30922883749999996 0.748352375 0.3105806578125 0.7461144796875 0.310242703125 0.7449955312500001 0.30652519843750003 0.7425338453125 0.29942814218749997 0.74096731875 0.2919931328125 0.7411911078125 0.286247896875 0.7447717421875 0.2821924359375 0.7528281671875 0.28016470625 0.759318065625 0.2757712921875 0.766703121875 0.27171583125 0.77319301875 0.2703640109375 0.7769974421875 0.26664650624999997 0.7810256546875001 0.2629290015625 0.7837111296875 0.2575217203125 0.7837111296875 0.25515603593749997 0.78527765625 0.25279035 0.7877393421875001 0.2483969359375 0.790872396875 0.2423137453125 0.793557871875 0.23961010468750002 0.793557871875 0.2355546453125 0.79333408125 0.2321750953125 0.7917675546875 0.2311612296875 0.7881869218750001 0.228119634375 0.7870679734375 0.22203644374999998 0.7859490250000001 0.2156152984375 0.781473234375 0.21155983906250003 0.7769974421875 0.206152559375 0.77050754375 0.20006936875 0.766703121875 0.18925480781249998 0.7743119671875001 0.19364822343750002 0.7810256546875001 0.20006936875 0.7884107109375 0.20344891875 0.792215134375 0.20581460312500002 0.7957957671875 0.20818028906250002 0.7989288218749999 0.20851824375 0.801614296875 0.2044627828125 0.801614296875 0.19804163749999998 0.800271559375 0.19398617812500002 0.8013905078124999 0.20344891875 0.8094469328124999 0.20412482812500002 0.8098945109375 0.20750437812500003 0.8083279843750001 0.2176430296875 0.8132513546875 0.23656850937499999 0.811013459375 0.2473830703125 0.8094469328124999 0.25988740625 0.809670721875
4 0.066524971875 0.5030746046875 0.06857790312499999 0.503203915625 0.07103474374999999 0.5054674140625 0.0745597765625 0.5068821 0.08000755312499999 0.507447975 0.083939834375 0.507447975 0.086523521875 0.50674063125 0.0903690125 0.5056088828124999 0.094428140625 0.504335665625 0.09752589687499999 0.4986769203125 0.094428140625 0.4979695765625 0.0903690125 0.4981110453125 0.086309884375 0.50037454375 0.0837462234375 0.5015062921875 0.0796870953125 0.50037454375 0.0754143296875 0.4988183890625 0.07178247812500001 0.4976866390625 0.06879154062500001 0.49655489062499997 0.0679369875 0.4952816734375 0.0711415625 0.4933011125 0.07904618125 0.49315964375 0.0871644375 0.49386698593749995 0.095923609375 0.49386698593749995 0.1030804921875 0.49344258124999996 0.1110919296875 0.493018175 0.1153112875 0.493018175 0.12348295312499999 0.4927352375 0.13074665624999998 0.49315964375 0.14763404687499998 0.496696359375 0.152324128125 0.49697929687500003 0.1592673734375 0.49697929687500003 0.1657833421875 0.496413421875 0.1602287453125 0.49287670625 0.1578787234375 0.49245229999999995 0.1538195953125 0.49245229999999995 0.1512559359375 0.491886425 0.149333190625 0.49146202031249997 0.141428571875 0.4903302703125 0.1386512734375 0.48990586406250003 0.130105740625 0.48877411562499995 0.12241476093749999 0.48679355468749996 0.11835563281249999 0.4861038953125 0.113869228125 0.48594474375 0.10489641875 0.4866520859375 0.0974190765625 0.48608621249999995 0.09699179999999999 0.48566180625 0.09656452343750001 0.48481299375000003 0.0980599921875 0.4839641828125 0.10361458906250001 0.4834513578125 0.1134419515625 0.4832568390625 0.1168601640625 0.4832568390625 0.11856927187499999 0.4835397765625 0.12391022968750001 0.48283243281250005 0.1254056984375 0.48042746718749996 0.1277557203125 0.4784115390625 0.119423825 0.47719579218749997 0.10959646249999999 0.4788713109375 0.1029736734375 0.4790127796875 0.09976909843750001 0.4790127796875 0.09335994843749999 0.4783054375 0.0875917140625 0.47731515625 0.0786189046875 0.47515775937500004 0.07584160625 0.47455651874999993 0.0737052234375 0.4760419390625 0.0747734140625 0.47915424843750004 0.0803280109375 0.481983621875 0.0826780328125 0.48240802812499994 0.0843871390625 0.48438858749999997 0.0850280546875 0.48679355468749996 0.0756279671875 0.48806677187499997 0.061741476562499994 0.488208240625 0.058750540625 0.48778383593749997 0.059605093750000004 0.4825494953125 0.061955114062500004 0.48170068437499997 0.0649460515625 0.481134809375 0.066868796875 0.4800030609375 0.066868796875 0.4768907515625 0.0666551578125 0.47505165937499994 0.065159690625 0.47434431562499996 0.061100560937500006 0.474910190625 0.05597324218750001 0.4788713109375 0.054264134374999995 0.4800030609375 0.052555028125 0.48141774687499994 0.050418645312499996 0.4829739015625 0.046760089062499996 0.4832568390625 0.0431549421875 0.4835397765625 0.04208675 0.48566180625 0.0416594734375 0.4872179609375 0.047427709375 0.489057053125 0.048495899999999995 0.489622928125 0.050845921875 0.49117908281249995 0.053195943749999995 0.49245229999999995 0.05383685781250001 0.49853545156249995 0.0546914109375 0.5005160125 0.058109625 0.5020721671875 0.066524971875 0.5030746046875
4 0.1902134265625 0.572663740625 0.19315464531249998 0.572663740625 0.1970177375 0.5733614015625 0.20105642656249997 0.5763846015625 0.21182260312499998 0.577220340625 0.212294515625 0.57440789375 0.21247010937500002 0.5712684171875 0.2089582078125 0.5688266015625 0.2047439234375 0.56754755625 0.1998272609375 0.5673150031249999 0.1950861921875 0.5668498953125 0.19297904999999999 0.5647569109374999 0.1963153578125 0.5626639265625 0.2038659484375 0.5625476500000001 0.21282130000000002 0.5630127578125 0.225112959375 0.5630127578125 0.233541525 0.562780203125 0.24381384062499997 0.562780203125 0.2526813953125 0.5632453109375 0.25851993281249996 0.5634778640625 0.2642706734375 0.563942971875 0.2725236453125 0.5644080796875001 0.2813473 0.56522201875 0.286220065625 0.5662685109375001 0.2920147046875 0.5665010640625 0.293419465625 0.5659196796875 0.2851664953125 0.56219881875 0.2800742359375 0.5616392359375 0.277440309375 0.561617434375 0.2728748359375 0.56049826875 0.26637781562499996 0.558630571875 0.25689567812499997 0.5578965734375 0.244252828125 0.5571553078125 0.236175453125 0.556486715625 0.23002962343750002 0.55650125 0.2261665296875 0.55650125 0.223532603125 0.5559198656250001 0.2349462875 0.55452454375 0.2384581890625 0.5544082671874999 0.2419700921875 0.5541757125 0.24600877968749998 0.554001296875 0.24794032656249998 0.5530710828125 0.24829151718750003 0.5513850671875 0.24583318437499999 0.5498044281250001 0.23125878906250003 0.548827196875 0.22739569531249998 0.5487106984375 0.2231814125 0.5483618671875 0.21844034375 0.5495246359375 0.2151040375 0.5511525125000001 0.21422606093750002 0.55301294375 0.21141653906250002 0.5558035890624999 0.21141653906250002 0.5562686968749999 0.205270709375 0.5576640203125 0.1982469046875 0.5575477421875 0.1924522640625 0.5573151890625 0.18788679218749998 0.5570826359375001 0.1868332203125 0.5555710359375 0.19052071875 0.5537106046875 0.19333024062499998 0.5528966671875 0.1978957140625 0.552780390625 0.20263678281250003 0.5526641125 0.2056219 0.5523152828125 0.21106534843750002 0.550571128125 0.21176772968750002 0.5490595296875 0.21176772968750002 0.5473735140625 0.2057974953125 0.5452768953125 0.19859809374999998 0.5462688828125 0.19526178593750002 0.5477804828124999 0.18736000625 0.5471990984375 0.178229059375 0.5497571906250001 0.1785802484375 0.5508036828125 0.17875584375 0.552431559375 0.179107034375 0.5533617750000001 0.17515614375 0.5534780515625 0.1708540640625 0.55301294375 0.17032727812499998 0.5589430656250001 0.1752439421875 0.5594081734375 0.17577072656249998 0.5594081734375 0.182267746875 0.5624313734374999 0.18103858125 0.567198725 0.18332131875 0.57138469375 0.184726078125 0.5725474625 0.1902134265625 0.572663740625
4 0.360029453125 0.7292666140625 0.3603472203125 0.726373325 0.35036736562500004 0.7297400609375 0.348589859375 0.7373152171874999 0.34763655937500004 0.7408923749999999 0.3460477265625 0.7455216359375 0.34541219375 0.74909879375 0.34541219375 0.7518342671875 0.3470010265625 0.7541488984375 0.34731879375 0.7570947921875 0.34763655937500004 0.759830265625 0.3504964578125 0.76261834375 0.353991890625 0.7638282640625 0.360982753125 0.764459528125 0.37123568749999997 0.7640386859375 0.3764738703125 0.7631970015625 0.3810020421875 0.7629865796875 0.3886284390625 0.762144896875 0.3962548359375 0.7602511078124999 0.4003858 0.758778159375 0.40197463281249995 0.7568843703125 0.399114734375 0.7541488984375 0.3940304703125 0.753517634375 0.38513300781250004 0.755201003125 0.3806842765625 0.753517634375 0.38004874375000003 0.7509925828124999 0.3819553421875 0.7488883734375 0.3908528046875 0.7478362671875 0.40070356562500004 0.7425757421875 0.40133910000000006 0.7394194265625 0.4032456984375 0.7320546921875 0.40006803281250003 0.731423428125 0.394666003125 0.7316338499999999 0.39212387031249996 0.7375256375 0.3914883375 0.7394194265625 0.3873573734375 0.740681953125 0.382273109375 0.7408923749999999 0.3797309765625 0.7402611109375 0.373940740625 0.7398632734375 0.3749452828125 0.7325461265625 0.3794657203125 0.7300516453125 0.3885065984375 0.7257278765625 0.39553839218750003 0.720406315625 0.390264546875 0.7180781328125 0.375447553125 0.72339969375 0.374191875 0.7147521578125 0.38021912812499997 0.712423975 0.3829816171875 0.7087654015625 0.38624637968750003 0.7004504625 0.3907668171875 0.6986211765625 0.3947849859375 0.7049405296875 0.40005883124999997 0.702612346875 0.399556559375 0.6969581875 0.40608608281249997 0.6967918890625 0.41236447031249995 0.6929670171875 0.40181677968749996 0.6909714328125001 0.3852418375 0.6946300046875 0.38021912812499997 0.6918029265625 0.374191875 0.6828227921875001 0.366406675 0.6849846765625001 0.3588726109375 0.6874791578125 0.35359876562500003 0.6888095484375001 0.34706924375 0.6871465609375 0.339535178125 0.68930844375 0.330243165625 0.686481365625 0.3337590625 0.692468121875 0.33928404218749997 0.6956277984375 0.34907832656250004 0.6999515656249999 0.3495805984375 0.6934659140625 0.35837033906250004 0.6971244875 0.3654021328125 0.6986211765625 0.3659044046875 0.6934659140625 0.375447553125 0.6942974078125 0.3774566375 0.700117865625 0.3694203015625 0.697457084375 0.3674112171875 0.700117865625 0.369922571875 0.703443840625 0.3749452828125 0.706769815625 0.3648998625 0.7130891703125 0.3638953203125 0.7185770296875 0.36866689531249996 0.724730084375 0.3681646234375 0.7305505421875 0.3648998625 0.7380339874999999 0.3666578109375 0.747679315625 0.363644184375 0.75765724375 0.360029453125 0.7528863718750001 0.359076153125 0.7453112156249999 0.3581228546875 0.7429439796875 0.3581228546875 0.7343693234375 0.360029453125 0.7292666140625
4 0.4185212546875 0.8098864859375 0.4250770390625 0.809712840625 0.429272740625 0.8121438890625001 0.43373067499999995 0.813533059375 0.4347796 0.8154431687500001 0.4347796 0.8192633890625001 0.43268174843749996 0.8232572546875 0.42350365156249997 0.822736315625 0.42245472656249994 0.8220417296875 0.413538859375 0.8225626687500001 0.4082942328125 0.8225626687500001 0.40619638125 0.8229099609375 0.4035740671875 0.8222153765625 0.398853903125 0.8211734984374999 0.392953696875 0.820305265625 0.3909869625 0.820305265625 0.3899380375 0.8230836078125 0.3867912609375 0.8244727781250001 0.3815466328125 0.825341009375 0.37630200625 0.8260355953125 0.369483990625 0.8274247656249999 0.36699279218749997 0.8353690859375 0.37000845312499997 0.841316471875 0.3734174609375 0.8453103375 0.376039775 0.8460049234374999 0.3799732453125 0.8464390390625001 0.382857790625 0.847567740625 0.3875779546875 0.8341969734375001 0.3904625 0.8302031078125 0.398853903125 0.8275984125000001 0.4012139859375 0.828292996875 0.397018284375 0.8350652046875 0.3865290296875 0.84027459375 0.385742334375 0.8447893984375 0.3873157234375 0.851822075 0.39229811875 0.856423703125 0.398853903125 0.85868110625 0.40173844843750006 0.8590283984375 0.40514745625000004 0.8595493375000001 0.4088186953125 0.8595493375000001 0.4111787765625 0.8560764109375001 0.4075075375 0.8519088984375 0.404885225 0.8489569109374999 0.40514745625000004 0.843573875 0.4082942328125 0.8376699000000001 0.41170324062499997 0.836628021875 0.413538859375 0.8397536546875 0.412752165625 0.8463522156250001 0.41406332187499995 0.851387959375 0.4169478671875 0.8545135937499999 0.41957018125 0.8560764109375001 0.428223815625 0.8442684593750001 0.426912659375 0.8411428265625001 0.42455257656249995 0.836454375 0.42376588281250005 0.8347179125 0.42638819687499996 0.8338496796875001 0.429534971875 0.8338496796875001 0.43346844375 0.8368016671875 0.43504183125000007 0.8427056437499999 0.43582852499999997 0.847220446875 0.43713968281250004 0.8519088984375 0.4389753015625 0.8541663015625 0.44133538437500003 0.855555471875 0.44736670624999997 0.855555471875 0.452102040625 0.8496141843749999 0.4526113328125 0.850693375 0.4549714140625 0.8536453625 0.45575810937499994 0.8539926546875 0.457593728125 0.8557291171875001 0.46519843749999995 0.8552081781249999 0.46860744531250004 0.8468731546875 0.46546067031250005 0.84149011875 0.46388728125 0.8374962531250001 0.46388728125 0.8340233265625001 0.46624736406249995 0.8308976921875001 0.46546067031250005 0.8244727781250001 0.4617894296875 0.8223890218750001 0.45785595937499995 0.8206525593749999 0.45706926562500005 0.81665869375 0.45811819062500003 0.8112756578125 0.45785595937499995 0.8079763765625 0.455495878125 0.8022460484374999 0.45077571250000004 0.7913063296875 0.4526113328125 0.7881101515625 0.4541847203125 0.783665890625 0.44631777968749997 0.7800193171875 0.43713968281250004 0.7783805296875 0.440548690625 0.7845341218749999 0.440548690625 0.7881806953125 0.44028645937500005 0.792869146875 0.440548690625 0.79477925625 0.4374019140625 0.7959947796875 0.43294398125000005 0.791479975 0.43582852499999997 0.7869651703125 0.43504183125000007 0.78088755 0.4305838984375 0.7789774390625 0.42455257656249995 0.7723788796875 0.425863734375 0.7673431359375 0.42533927031249996 0.7640438546875 0.4242903453125 0.7607934125 0.42245472656249994 0.75791196875 0.4227169578125 0.756750709375 0.426912659375 0.753312715625 0.4313705921875 0.749066859375 0.4347796 0.7374325546875 0.43530406250000003 0.734697625 0.43268174843749996 0.7317456375 0.42796158437500004 0.7303564671875 0.42219249531249997 0.7305301140625 0.4187834875 0.7345239796875 0.42245472656249994 0.7416434781250001 0.42061910625000004 0.74563734375 0.4182590234375 0.748936625 0.4156367109375 0.75154131875 0.41144100781250004 0.754666953125 0.4085564640625 0.758834465625 0.4075075375 0.7621337453125 0.40724530625 0.7642175015625 0.40724530625 0.7652593796875 0.399378365625 0.760918221875 0.397018284375 0.762654684375 0.4030496046875 0.7696005375 0.4033118359375 0.7741153421875 0.4030496046875 0.7770673296874999 0.40068952343750003 0.7793247328125 0.3951826640625 0.77758826875 0.3904625 0.7763727453125 0.386004565625 0.7770673296874999 0.382595559375 0.779845671875 0.3794487828125 0.78349224375 0.37892431875 0.7880070484374999 0.383644484375 0.7911326828125 0.39229811875 0.7881806953125 0.4012139859375 0.7869651703125 0.39780497812500004 0.789569865625 0.3870534921875 0.791479975 0.37839985625 0.791479975 0.3739419234375 0.790785390625 0.37079514687500004 0.789569865625 0.36712390781250004 0.7899171578125 0.36817283437500004 0.7944319625 0.3715818421875 0.7961684265625 0.37839985625 0.7982521828125 0.3909869625 0.7980785359375 0.399640596875 0.7956474874999999 0.40672084374999995 0.7932164390625001 0.4093431578125 0.7892225734375 0.4096053890625 0.7838395375 0.41144100781250004 0.7810611953125 0.41327662812500005 0.779672025 0.4153744796875 0.7831449515625 0.4156367109375 0.7862705859375 0.4185212546875 0.7902644515625 0.42061910625000004 0.7923482078124999 0.4232414203125 0.8008568781250001 0.4229791890625 0.8022460484374999 0.4185212546875 0.8039825109375001 0.41327662812500005 0.8048507421875 0.40986762031249996 0.8055453281249999 0.4043607609375 0.8074554375 0.399116134375 0.8109283640625 0.39832944062500003 0.8170059859375 0.4035740671875 0.8168323390625 0.41406332187499995 0.8140539984374999 0.41747232968750003 0.811449303125 0.4185212546875 0.8098864859375
4 0.481784571875 0.8142276453124999 0.48801256718749997 0.813533059375 0.4943552875 0.810396571875 0.4974528953125 0.8090182546875001 0.501124134375 0.8074554375 0.5036153328124999 0.8048941546874999 0.5058442984375 0.7991204140625 0.50715545625 0.7944319625 0.50715545625 0.791653621875 0.5074176875 0.7885279875 0.5063687625 0.7860752328125 0.500337440625 0.7847077687499999 0.4940438875 0.7829278937499999 0.4901104171875 0.78175578125 0.48801256718749997 0.7826240125 0.484603559375 0.7854023546875 0.485390253125 0.7881806953125 0.4919460375 0.7923482078124999 0.49456835000000005 0.7944319625 0.49142157500000005 0.8003359390625 0.487488103125 0.8051980359375 0.486176946875 0.8069344984375 0.47699885000000003 0.8074554375 0.4733276109375 0.8079763765625 0.4667718265625 0.8154431687500001 0.464673975 0.8171796328125 0.46546067031250005 0.819784328125 0.46519843749999995 0.8206525593749999 0.4675585203125 0.82673018125 0.47594992343750003 0.8213471437500001 0.47935893125 0.8156168156250001 0.481784571875 0.8142276453124999
4 0.7252967296875 0.5619806546875 0.7229142562499999 0.5589950046875 0.717918746875 0.559130715625 0.7144346984375 0.5611663859375 0.7173039140624999 0.5644234578125 0.7232472890625 0.5667305515625001 0.73205988125 0.5683251593749999 0.734724153125 0.5680876640625 0.741077415625 0.5667305515625001 0.7451762953125 0.5652377265624999 0.749275175 0.5633377671875001 0.751939446875 0.5626592109375 0.7484553984375 0.56605199375 0.746405959375 0.568223375 0.7468158468749999 0.5691733546875 0.75501360625 0.5670019734375 0.757267990625 0.5644234578125 0.7599322609375 0.5622520765625 0.7619817015625 0.5596735609375 0.763621253125 0.5561450671875 0.764236084375 0.55288799375 0.764031140625 0.5499023453125 0.763006421875 0.5488166546875 0.76013720625 0.5490880765624999 0.7591124859375 0.548952365625 0.749275175 0.554109396875 0.7425120234375 0.55811288125 0.7366711203125 0.5604878296875 0.7252967296875 0.5619806546875
4 0.7623915890624999 0.5408096859375 0.76054709375 0.5399954171875 0.7542450656249999 0.5375526125000001 0.7513246140625001 0.5374169015625 0.7488652874999999 0.5368740562500001 0.7476356234375 0.5326670046875 0.746610903125 0.5313098921875 0.7423070796875 0.52805281875 0.7382082 0.5273742625 0.7361587609375 0.527102840625 0.727954596875 0.530690709375 0.7293443734375 0.5334812734375001 0.7308302171875 0.534363396875 0.7326747124999999 0.5360597890625 0.7369785359375001 0.536602634375 0.7389255046875001 0.5368740562500001 0.7400526953125001 0.5375526125000001 0.741077415625 0.5385704484375 0.7423070796875 0.5408096859375 0.7446639359375 0.541623953125 0.747411465625 0.5414882421875 0.7529641671875 0.541623953125 0.7566531578125 0.5429810671874999 0.7591124859375 0.5427096437500001 0.7623915890624999 0.5408096859375
4 0.245647884375 0.8345881859375 0.22959246718749998 0.835013453125 0.227986925 0.8394787656249999 0.2392257171875 0.842880909375 0.243721234375 0.8484093921875001 0.233124659375 0.8494725609374999 0.2231703 0.8494725609374999 0.2128948328125 0.8437314453125 0.20422490781249997 0.8447946140625 0.2071148828125 0.8522368015625 0.2052855125 0.8556250000000001 0.20151014687500002 0.8612500000000001 0.1982067015625 0.8715624999999999 0.1967909390625 0.8871874999999999 0.2520700515625 0.8954014906250001 0.2655566015625 0.9024184109375 0.27005211875 0.9262334109375001 0.2597766515625 0.9411177859375 0.2520056625 0.9459375 0.2656913640625 0.9525 0.2928508109375 0.9532379203125 0.3209060875 0.96125 0.32987258124999996 0.9590624999999999 0.3345917890625 0.95375 0.337895234375 0.9484375 0.3407267578125 0.9375 0.345445965625 0.8887499999999999 0.341198678125 0.8671875 0.3374233125 0.860625 0.3294006609375 0.8546875 0.293062765625 0.8462500000000001 0.2922085953125 0.8405419359374999 0.26523549375 0.84458198125 0.25945554375 0.8407545703125001 0.245647884375 0.8345881859375