3 0.29613399218750003 0 0.247780059375 0.0108674734375 0.228144496875 0.0349569953125 0.2223133 0.0471413828125 0.210725478125 0.062690765625 0.15872443281249998 0.0997502 0.1445141171875 0.1127821765625 0.1168930875 0.14850465156249998 0.1030392546875 0.16922353437499998 0.0884401421875 0.19425232812499998 0.0791545453125 0.21394450625 0.0726948875 0.2324837546875 0.061088959374999995 0.243376996875 0.055584067187499996 0.255488046875 0.0524378578125 0.2582663578125 0.040032328125 0.2595010765625 0.0220086078125 0.26961656875 0.032708171875 0.40069163906250005 0.036118096875 0.400705021875 0.09245765 0.387524990625 0.12029206875000001 0.37868023906250003 0.143681103125 0.374459190625 0.20761011406250002 0.3813211078125 0.24631512500000002 0.3964410875 0.2721352703125 0.40151188125 0.2971558203125 0.39692415312499996 0.34825642343749996 0.3802613546875 0.3666220359375 0.3719912984375 0.3733455015625 0.36530219375 0.387513565625 0.34140588125 0.42425295937499996 0.2989738515625 0.4377563453125 0.2721201140625 0.44425825156250004 0.26444520312500003 0.46511143125 0.2519914578125 0.4886052125 0.24671126562499998 0.497729609375 0.2415537625 0.49836410625000005 0.2367509453125 0.4925410828125 0.223043415625 0.47611127656249996 0.1972213 0.46628598749999994 0.190109090625 0.44513881718750004 0.1829524484375 0.4421839875 0.178956328125 0.441845615625 0.17592556875 0.446581084375 0.1619162390625 0.4657665390625 0.1405168859375 0.481829925 0.1281040359375 0.49682173125 0.1200744359375 0.5018089390625 0.1148111578125 0.5045059953125001 0.10850917812500001 0.5046973765625 0.10173474687499999 0.49724887500000003 0.08994594375000001 0.49107540624999996 0.070103559375 0.48010610781249996 0.048750020312499996 0.4745007390625 0.0070322875000000005 0.469656140625 0 0.29613399218750003 0
4 0.43020525000000004 0.4933737296875 0.43660337499999996 0.5091589015625 0.44098049687499996 0.5096104125 0.4550581421875 0.5215167328125 0.45824883906249997 0.52725830625 0.46433153593750004 0.5395262171875 0.4676924953125 0.5502529453125 0.46666796718750003 0.5583771453125 0.461378021875 0.5559778984375 0.45411726718749995 0.5511510625 0.44745390625 0.5447547015625 0.43822233906249997 0.5375002796875 0.43428071562500004 0.53264510625 0.4269614046875 0.5127611828124999 0.42313985 0.4999850828125 0.40935253437499997 0.4851429875 0.405597903125 0.489574990625 0.4072951140625 0.499240378125 0.4140003 0.5163918015625 0.41344473125 0.5287163921875 0.406806465625 0.5287730703125 0.39681560781249997 0.520254034375 0.3819953984375 0.5113851281249999 0.3823191921875 0.5170534046874999 0.3913497390625 0.5308116843749999 0.399911328125 0.5403695749999999 0.402931765625 0.5411259984375001 0.41397224687499995 0.54797386875 0.42320381406249996 0.555228290625 0.42923631875 0.554590125 0.4334682765625 0.556509525 0.43725636718749994 0.560681571875 0.44560857187499997 0.574592309375 0.4450279078125 0.5804638578125 0.43915730000000003 0.5839361624999999 0.4361285 0.5810287265625 0.42824525312499995 0.571318378125 0.42510474687500005 0.57848288125 0.4263413640625 0.58609889375 0.428946875 0.59412488125 0.433805840625 0.60451493125 0.43609207968749997 0.6104597796875 0.43732869531249996 0.6180757921875 0.4425236640625 0.63484900625 0.44498717968749996 0.6378834890625 0.4508257109375 0.6337400093750001 0.4434561765625 0.6030636640625 0.44669560625000004 0.595876928125 0.4543682234375 0.615681446875 0.46186838124999996 0.61417520625 0.45715147500000003 0.59424461875 0.46046224062499996 0.592065265625 0.451470815625 0.568968990625 0.475497496875 0.57863928125 0.49128071875 0.6023620015625 0.4983377546875 0.5935996359375 0.486043925 0.574833728125 0.4849775703125 0.5722028640625 0.47933037343749996 0.5555312890625 0.47778669531249995 0.5465490265625 0.4766868796875 0.5353141124999999 0.4751348359375 0.5241808359375 0.4707075234375 0.5108232484374999 0.4596503109375 0.49967335312500005 0.45058900468749996 0.49740408125 0.43183553750000003 0.4858310140625 0.43020525000000004 0.4933737296875
4 0.48105614531249996 0.41735827968750006 0.4721901953125 0.42652719843750003 0.4700240296875 0.41266142187500005 0.472840740625 0.39982864375 0.47660373749999996 0.3975476546875 0.47959907656249995 0.3918510375 0.478951490625 0.3805144875 0.476802053125 0.37095073749999996 0.47374815625 0.3615902625 0.467932046875 0.3499800671875 0.46194838281250006 0.353477778125 0.4672717875 0.36448107812499997 0.467952834375 0.3844216796875 0.4581573328125 0.3873408359375 0.46151829062500005 0.3980675609375 0.45958930625 0.4063950390625 0.47062682968749997 0.4512780140625 0.47892047812499994 0.45013165937500005 0.47546810937500006 0.43648538124999997 0.47786919531249994 0.4324973984375 0.48381450781249996 0.4284791546875 0.4899923359375 0.42210975937499995 0.4891413578125 0.4104233953125 0.48953335 0.407653253125 0.49667250625000003 0.3999183546875 0.5004570968750001 0.391787940625 0.497024303125 0.3868122203125 0.4824225703125 0.4019715578125 0.48105614531249996 0.41735827968750006
4 0.3375123765625 0.6104053125 0.34081961875 0.6115777609374999 0.34485120625 0.6125874125 0.3496846453125 0.6126505515625 0.35452255 0.6138621328125 0.3555301203125 0.6036738109375 0.3509977703125 0.5981789156249999 0.3464698859375 0.5938324625 0.3480691234375 0.59079099375 0.3482882390625 0.5849945125 0.34512707656249997 0.57995774375 0.3424532765625 0.5759608875 0.33960213437500003 0.5677892499999999 0.3401580703125 0.5657485578125 0.34159783125 0.56312608125 0.34343405 0.5588819015625 0.34263558125000004 0.5529309718750001 0.34054379375 0.548420159375 0.337580859375 0.5425725421875 0.33263454531250003 0.5367875375 0.3268174484375 0.5323476859375 0.321332703125 0.53051518125 0.3147778578125 0.52279279375 0.31330683593750003 0.51737616875 0.311180040625 0.5090417359375 0.3065523203125 0.49973678593750004 0.2995965515625 0.49248765624999996 0.29434432187500004 0.488304 0.288212734375 0.4858505734375 0.28483915312499997 0.48833295000000004 0.28566556875 0.493702878125 0.29012488125 0.50112993125 0.294411315625 0.5055306484375001 0.298358303125 0.5106781671875 0.30307955625 0.5181421375 0.3081857078125 0.5261901171875001 0.30952930625 0.529911209375 0.3117445109375 0.5363818671875 0.312758253125 0.542021 0.3126121734375 0.5458853234375 0.3110129390625 0.548926790625 0.3106343453125 0.5551422640625 0.3101693125 0.55984456875 0.3104464890625 0.56897785 0.3127461625 0.580338621875 0.31438559375 0.58763314375 0.318543815625 0.6004919531249999 0.3243877109375 0.611822465625 0.3264698453125 0.608672465625 0.326484034375 0.6019641703125 0.32635214375 0.5991201953124999 0.3241344453125 0.5881241484374999 0.32340642656249996 0.58481435625 0.32135450312499997 0.5723693140624999 0.3209793265625 0.5639285671875001 0.3215904375 0.5553619421875 0.3228617859375 0.55086156875 0.324788909375 0.549279003125 0.3268844421875 0.549574334375 0.3323095484375 0.5567843296875 0.331922021875 0.5607029171875 0.33071924375 0.562122684375 0.3304181546875 0.567554440625 0.3291423375 0.570906371875 0.32714664375 0.575569540625 0.3271823734375 0.5847570875 0.326967721875 0.5917020125 0.3287755625 0.600874428125 0.330087109375 0.6067100453125 0.3326014328125 0.6111258921875 0.336063684375 0.6107309046875 0.3375123765625 0.6104053125
4 0.46044334062500003 0.7364195296875 0.4640740015625 0.7379024390625 0.467627159375 0.7401690640624999 0.47157677500000006 0.7408139890625 0.47601375468749996 0.742498828125 0.4782687640625 0.7423751671875001 0.48041126093750003 0.7392116 0.48130775937500003 0.7367112203125 0.48006925312500004 0.7289434421875 0.47496756875 0.722043909375 0.4715783546875 0.720506734375 0.468745078125 0.716928871875 0.46566588593749997 0.712256828125 0.46146142343749996 0.7082208375 0.4585960921875 0.7067574953125 0.457744321875 0.705224759375 0.4617580453125 0.7016406390625 0.46613538437499996 0.7087029671875 0.470175903125 0.71200950625 0.473241696875 0.71323621875 0.47548777343750004 0.710815671875 0.46486561406250004 0.6928960875 0.46389982031250004 0.6931131484375 0.4636583703125 0.6931674125 0.4649573078125 0.6854040734375 0.4661146328125 0.682653496875 0.4663471484375 0.6803023453125 0.46794191874999996 0.67611243125 0.46985564375 0.6710845375 0.4720108140625 0.666002378125 0.4740840171875 0.660555490625 0.47801576875 0.65660664375 0.48219789999999996 0.6549004187499999 0.4824393484375 0.6548461515625 0.48047491718749996 0.6675484234375 0.47977736875000004 0.6746018796875 0.48478814843749996 0.6788398015625 0.4873874671875 0.67404096875 0.48821467187499995 0.6692572671875 0.48865435 0.668392153125 0.49403176875000004 0.67369711875 0.4979337015625 0.672437015625 0.49822657968749995 0.6700722984375 0.49738525468750006 0.666046746875 0.4943015953125 0.660226259375 0.4930034484375 0.6578359734375 0.4911501546875 0.6473327515625 0.49034909375 0.6381256375000001 0.4883376359375 0.625790109375 0.48628256406250003 0.6177748109375 0.47688472187500003 0.6143313 0.4749949078125 0.6047941578125 0.46904513124999997 0.6076639578125 0.4688901203125 0.60923139375 0.467363921875 0.6103407015625 0.46454404374999997 0.6102081671875 0.46448887031249997 0.6167341015625001 0.4682879421875 0.6200949046875001 0.4748979578125 0.6212913578125 0.4766745375 0.6224246703125 0.47902045156249995 0.624962621875 0.480582378125 0.633040859375 0.47834076718749996 0.6366098515624999 0.4761766609375 0.6393951234374999 0.4732107046875 0.643126909375 0.46878712499999997 0.6448874015625 0.46606708281250003 0.649713365625 0.4646317890625 0.6534842875 0.462968446875 0.660754803125 0.4622574984375 0.66436293125 0.461455646875 0.66530944375 0.458786315625 0.6624610296875 0.4560991171875 0.65501884375 0.45591284062500004 0.648547175 0.45661485625 0.6426421640625 0.4582737328125 0.634223203125 0.459066653125 0.630979803125 0.45888930937500005 0.6268050203125 0.45726774218750005 0.624104275 0.4534000984375 0.6238240734375 0.45147744218749997 0.6265550828124999 0.4510034765625 0.6289604984375 0.44965015468749997 0.633096146875 0.4474949828125 0.6381783078125001 0.44590021249999995 0.6423682187499999 0.44559019062500005 0.6455030890625 0.447630546875 0.652324353125 0.449015134375 0.656227809375 0.4517112640625 0.6659668812499999 0.45204361718749997 0.668574228125 0.4556682328125 0.689215946875 0.4480327828125 0.6936140484375 0.4462054953125 0.7001551125 0.4480863765625 0.7073953671875 0.44757063593749996 0.71977205 0.4515977578125 0.7196332578125 0.45560701562499994 0.71490069375 0.4553611 0.713806515625 0.46610700781250003 0.7221195609375 0.47089420468750004 0.731005521875 0.46678511250000004 0.7307795859375 0.45846262187500003 0.7242207734375 0.4492056015625 0.7259181265625 0.44438556093750003 0.7293003171875 0.4424464859375 0.738165403125 0.44273561875 0.7400161640625 0.4436849921875 0.745933178125 0.44900723593749997 0.757764078125 0.437633796875 0.76415173125 0.44011829999999996 0.771256325 0.4514663859375 0.768705859375 0.4586725359375 0.7781976109375 0.4649814640625 0.78482581875 0.4573326125 0.7857785890625 0.458407178125 0.7928169125 0.464210878125 0.793811434375 0.4686299921875 0.7909025015625 0.4716272109375 0.7952098171875 0.47496571875000004 0.8044213687499999 0.4778943640625 0.8118092890625 0.4846541375 0.8204434890625001 0.4884122234375 0.8236219312499999 0.490831175 0.824227721875 0.4922620015625 0.81930835625 0.48828112187499995 0.8106243281250001 0.48050117031250006 0.7985794953124999 0.4753860859375 0.78823463125 0.473008909375 0.7776575765625 0.46929180937500004 0.7746614984375 0.46727825 0.7747308937499999 0.46290537656249997 0.7688170078125001 0.46004612343750007 0.7624432046875 0.45827319062500005 0.7583636125 0.45616425937500005 0.7546229531249999 0.45322667812499995 0.7449381453125 0.45264263125 0.742339475 0.46044334062500003 0.7364195296875
4 0.4197932015625 0.6133188406250001 0.42162605312499996 0.611254821875 0.42501669687500004 0.60784943125 0.4259871015625 0.60730091875 0.428579534375 0.6129962156250001 0.43060258906250004 0.6151848828125 0.43373358125 0.6164637078124999 0.435124278125 0.6168119859375001 0.435380078125 0.6111373859375 0.43278764687500004 0.6054420890625 0.4321552859375 0.6036017015625 0.4313031515625 0.5988369453125 0.428777559375 0.5924657859375 0.4243111546875 0.587191659375 0.419243203125 0.58800025625 0.41820980937499996 0.59021501875 0.41691971250000004 0.5844748359375 0.417063359375 0.5812209734375 0.41858388125 0.57922715 0.41881974218750007 0.5773568390625 0.41133608437499997 0.5732564640625 0.40753670625 0.5787362218750001 0.4063066484375 0.583968946875 0.40730016406249997 0.5893627640625 0.40849804531249995 0.593719396875 0.4092010984375 0.5958743125 0.40779363437500005 0.6090769468749999 0.4043400046875 0.61414858125 0.4010354546875 0.621830053125 0.40027712187500003 0.623322159375 0.3966911734375 0.61223304375 0.395697659375 0.6068392265625 0.39228005312500003 0.603311890625 0.390253146875 0.6001328359375 0.39376591250000004 0.592404565625 0.398213059375 0.59272675 0.401367159375 0.5999479062499999 0.4051896484375 0.6004104796874999 0.4078104015625 0.595526034375 0.407653615625 0.5909354171875 0.40534009375 0.5855078515625001 0.40170271562500004 0.5790561484375 0.4008621359375 0.577262559375 0.40266156718749996 0.575536465625 0.40460623125 0.575429825 0.407878603125 0.577337709375 0.410507059375 0.5744340390625 0.41081587812500003 0.5689953390625 0.4102641765625 0.5655673375 0.4085868671875 0.562970546875 0.4079031875 0.5579820718749999 0.4071399828125 0.552639746875 0.40401510937499996 0.548468390625 0.39895485937499997 0.5512577656250001 0.3949434078125 0.55579393125 0.392888178125 0.5631946218749999 0.389509090625 0.5695711765625 0.3879294296875 0.5742216375 0.38501051249999996 0.57388640625 0.380968246875 0.5704994625 0.3765917921875 0.570491809375 0.372780859375 0.5730004015625 0.369230821875 0.5800762125000001 0.36687096406249997 0.5895278765625 0.3672114984375 0.6056418296875 0.3677564 0.620718596875 0.3733846625 0.638948325 0.37841658749999996 0.646738696875 0.382592528125 0.648773925 0.3866078296875 0.645228146875 0.38532770156249996 0.6375858171875 0.37985622812500003 0.62394670625 0.382249503125 0.6141571140625001 0.37949643593750004 0.602880809375 0.3858560703125 0.6126857078125 0.3887351125 0.62062951875 0.39387046875 0.637152725 0.40055081562500006 0.6401119734375 0.4040275578125 0.6409826703125 0.4094142984375 0.632833228125 0.4151506359375 0.62526605 0.418459034375 0.6185749656249999 0.4197932015625 0.6133188406250001
4 0.5020238546875 0.4589944703125 0.5036830390625 0.45469785781249994 0.50464959375 0.45315895156249997 0.5077767343749999 0.4534473859375 0.509228490625 0.451634225 0.5082899203125 0.4469715015625 0.503562278125 0.4415082734375 0.5030144296875 0.4390706609375 0.5028438203125 0.4353918 0.4974147125 0.43264696562499994 0.49397263750000003 0.44068976718749997 0.49608949375 0.4491352953125 0.49630541875 0.45106927656250007 0.49455540937500003 0.45741011406250004 0.4981188921875 0.4708172078125 0.500864259375 0.4801127328125 0.5015004703125 0.48294350937499997 0.502230484375 0.49203114687499994 0.49617671874999997 0.4894267046875 0.49475520937499995 0.48115531562499997 0.4892001296875 0.4817429765625 0.4880099484375 0.4793671203125 0.48688275625 0.4753250203125 0.47844863125000003 0.46796886875 0.4758317296875 0.47384370468750003 0.47864393281249995 0.48246337187500005 0.48694052968749996 0.4901808515625 0.490633190625 0.4929855296875 0.4940469453125 0.49552247656250004 0.4968398921875 0.49919020156249994 0.49317804218749994 0.504308634375 0.4905534359375 0.5082026890625 0.489810509375 0.5136563515625 0.49017551406250004 0.5182001703125 0.495262725 0.52234351875 0.5007394125 0.5194605515624999 0.5043344249999999 0.515017978125 0.5090681828125 0.517588671875 0.5091542796875 0.5218647578125 0.5084781875 0.5266425625 0.5105873421875 0.5331073125 0.5137221859375 0.535376525 0.5158635125 0.532251921875 0.516967596875 0.5303516890625 0.5186847828125 0.5253399 0.5183313328125 0.523767246875 0.516868190625 0.5124028640625 0.5147222765625 0.5067357968749999 0.5135359484375 0.5053503328125 0.5114422015625 0.5028471359375 0.51118935 0.4958825796875 0.5104294281249999 0.4925013734375 0.5088388984375001 0.48542443593750007 0.508572221875 0.47937163437499997 0.5074864921875 0.472594265625 0.5038667859375 0.46622119531250006 0.5017023484375 0.4634034671875 0.5020238546875 0.4589944703125
4 0.4948297734375 0.965500746875 0.501131934375 0.9628671265625 0.5024646953125 0.9591864250000001 0.503267928125 0.9564362125000001 0.5034989000000001 0.9536793687499999 0.507701425 0.9480899796875001 0.5093315406250001 0.9454709125 0.511385315625 0.942942853125 0.513604346875 0.94013199375 0.5139146921875 0.9376785218749999 0.5130755796875001 0.9339449562500001 0.5107055109374999 0.931366953125 0.5077530328125001 0.9325715046875 0.5047458390624999 0.9343293390625 0.5020522 0.9362871984375 0.500382875 0.9384205828125 0.49880981562500004 0.9433725125000001 0.49673855624999996 0.9445142593750001 0.49099302343750006 0.9440473515625 0.4844757046875 0.9425366828125 0.48097188593749995 0.9408897203125001 0.47564145937499996 0.9374893390624999 0.4717822625 0.9358546249999999 0.46746641093749997 0.9337815562499999 0.4656766171875 0.9341838109375 0.4644865734375 0.93526275 0.46748161718750003 0.9450036125000001 0.47437137968750004 0.954545375 0.4820866234375 0.9570040328125 0.4889080359375 0.9562824093750001 0.4962971109375 0.9552979593750001 0.48156838906250005 0.9626656171875 0.476482003125 0.9672245453125001 0.47534372343750003 0.967861371875 0.4914876171875 0.9665435578125001 0.4923018625 0.9662041374999999 0.4948297734375 0.965500746875
4 0.6379795625 0.9099101234375 0.6414560218750001 0.9107327234374999 0.6446273875 0.9111427140625 0.64755324375 0.911287096875 0.6486285765625001 0.9081583453125001 0.647913575 0.9063943265625 0.6449025671874999 0.903863190625 0.6431119296875 0.9029824890624999 0.6403486015625 0.90344315 0.6389029828125 0.904570015625 0.6365002875 0.9023833390625 0.6346753359374999 0.901349959375 0.636826609375 0.899583321875 0.637398740625 0.8992943421874999 0.636376778125 0.8966369562500001 0.6343802515625 0.8948401718750001 0.6323113578124999 0.8917765109375001 0.6323669 0.8887165625 0.6322583484375001 0.886816246875 0.6319677718750001 0.8836335984374999 0.6322072046875 0.8823367421875 0.6347777328124999 0.8843253046875 0.6364960015625 0.8839391265625001 0.636732796875 0.8797958890625001 0.635354265625 0.876496875 0.6320724765625 0.8737058078125 0.6307129734375 0.8709638906249999 0.62963283125 0.868520071875 0.6274293156249999 0.8676920671874999 0.626505896875 0.873032175 0.6273294515625001 0.8766965109375 0.6268278171875 0.877771609375 0.6246403593750001 0.878904809375 0.62120569375 0.8801579234375 0.61888845625 0.88260343125 0.6168744421875 0.8849807937499999 0.6147231718749999 0.8867474296875001 0.6132525859375 0.8901254062499999 0.6116952765625 0.8928813015625 0.6102752265625 0.8962479203125 0.6094397953125 0.8982000031249999 0.6090539390624999 0.90791029375 0.6092157578124999 0.90995903125 0.610814196875 0.9177798203125 0.611341403125 0.9189444734375 0.614989434375 0.9205304765625 0.6156894796875 0.9184484296875001 0.6156364671875 0.913488165625 0.6151829 0.909580284375 0.6152022546875 0.905886896875 0.6159022984375 0.9038048484375001 0.61676830625 0.90104393125 0.6173691453125 0.8994653578125 0.6186051375 0.896460890625 0.6199403343750001 0.8929529515624999 0.621414659375 0.8905364921875 0.622623815625 0.8893023796874999 0.6255474999999999 0.8867205734375 0.62853508125 0.8962340624999999 0.63122606875 0.906435734375 0.6285721453125 0.9100997124999999 0.626773534375 0.91367170625 0.6261613125000001 0.9144909718750001 0.6246545421875 0.9172355078125 0.6269207453125001 0.9211770843749999 0.6304401000000001 0.9221905343750001 0.6325246109375 0.9205992921874999 0.6333906203125 0.917838375 0.6367847578125 0.9104994390625001 0.6379795625 0.9099101234375
4 0.1632993609375 0.2928531703125 0.16288973125 0.287753871875 0.160051065625 0.27949238125 0.1556516921875 0.27084003437500004 0.15180764062500002 0.264658559375 0.1539943625 0.26565034375 0.16231711875 0.280837146875 0.166787178125 0.28761955 0.1688541359375 0.2979085390625 0.1685713875 0.3053883171875 0.1701580296875 0.3124479515625 0.172278384375 0.3164211421875 0.175324790625 0.3179613359375 0.178596225 0.3172260859375 0.1797054765625 0.31178542343750004 0.180823375 0.308567684375 0.18484198125 0.3095185671875 0.18878557812500002 0.311227928125 0.19237001874999998 0.31079314375 0.1948567765625 0.308751 0.198954715625 0.3100548640625 0.204233990625 0.31443052968749996 0.2113317234375 0.3178181046875 0.21598112656250001 0.3180941734375 0.221639771875 0.31978889375 0.2242938390625 0.3206756421875 0.22538287812500002 0.320060071875 0.2270806375 0.315599575 0.22705038125 0.30781933437500003 0.22507139999999998 0.300106253125 0.219983971875 0.2949458484375 0.210619725 0.29260071249999997 0.2033671890625 0.2920058390625 0.19462463125 0.289150165625 0.1868961015625 0.2864374046875 0.18260631562500002 0.2859182796875 0.177527534375 0.2829808015625 0.17385079375 0.2797282171875 0.17258147968749998 0.274080509375 0.1703904375 0.2719772609375 0.1672646984375 0.2700840875 0.1629619484375 0.266230571875 0.1587298828125 0.260507115625 0.158095225 0.2576832625 0.15737691250000002 0.2533949625 0.1582193109375 0.2494975203125 0.161720096875 0.247598290625 0.1621744765625 0.2441588640625 0.16191486875 0.2375426046875 0.1650810375 0.22978559375000002 0.1688025296875 0.22449945468750002 0.17430975937499998 0.21732872812499998 0.1768542390625 0.21008225625 0.166370696875 0.200572446875 0.160391796875 0.20673674375 0.15418786874999998 0.2151764875 0.1510087328125 0.2195991078125 0.14782527343750002 0.222910265625 0.145109165625 0.22611638906249998 0.1423844109375 0.22709958437500002 0.141432425 0.222863803125 0.1413271578125 0.21584204218749997 0.1392068015625 0.21186885156250002 0.133015840625 0.2236429828125 0.13270715625 0.2244539828125 0.135136196875 0.227616175 0.1323753328125 0.2393610203125 0.1391546703125 0.25860282031250004 0.143329015625 0.269530609375 0.14603063125 0.282643453125 0.15052230312499998 0.294983171875 0.1519416359375 0.299113915625 0.1558275140625 0.3060276125 0.164369578125 0.30744509999999997 0.16615099375 0.30444905 0.1634753140625 0.2980049859375 0.162844978125 0.2962925953125 0.1632993609375 0.2928531703125
4 0.41987957500000006 0 0.420778259375 0.008732910937500001 0.42112514531249995 0.01090746875 0.4193383953125 0.0140047375 0.41868869843749995 0.0180184984375 0.41937664999999996 0.0238412984375 0.42029971875000005 0.027948423437499998 0.4216448046875 0.030480996875 0.4237292375 0.034231878125 0.42601153593749996 0.0381726984375 0.43264738906250005 0.040080225000000004 0.43265880156250003 0.0366787359375 0.4315582375 0.032472321875 0.42824191875000006 0.028763896875 0.42645838593749996 0.0263518390625 0.4266872765625 0.021846634375 0.427309165625 0.01701869375 0.42763835625 0.0129597625 0.4281179953125 0.0095702453125 0.4292468484375 0.0083789046875 0.432067134375 0.011261178125 0.43407039375 0.0194840640625 0.4352375015625 0.028129284375 0.43729364375 0.037277920312500004 0.4394168140625 0.0446534296875 0.44174058125000004 0.0529214859375 0.442731040625 0.05732845156250001 0.4449447046875 0.0657970625 0.44620664843749996 0.073483334375 0.446477896875 0.09195157968749999 0.44728341875 0.09691659687500001 0.4489132890625 0.1041685640625 0.4510337265625 0.1108414625 0.4534227546875 0.10420990781249999 0.45331425937500003 0.10165579843749999 0.4523614125 0.0974161859375 0.45235048281249995 0.0946057390625 0.4523422859375 0.092497903125 0.45166847812500005 0.0839762234375 0.4514596828125 0.08097584062499999 0.4506354265625 0.0717847484375 0.45089807187500003 0.06328700937500001 0.45066534531249997 0.058885551562500006 0.4497783796875 0.054162315625 0.446933503125 0.0449565375 0.44576912812499997 0.037013928125 0.4461119796875 0.0364680546875 0.4468979828125 0.0358225859375 0.44813533281250006 0.037185353125 0.4499747015625 0.04286658125 0.452484703125 0.053085256250000004 0.4532871015625 0.05665545625 0.453392865625 0.058506953125000004 0.4553851953125 0.0639193953125 0.4582474328125 0.06491697187499999 0.4609040484375 0.066898396875 0.46021764843749996 0.057910728125 0.456161234375 0.0480396078125 0.454458871875 0.04115554375 0.453706625 0.03780848125 0.45294071718750006 0.0309483625 0.452620690625 0.0246912546875 0.4527670828125 0.01481319375 0.4527429328125 0.011771309375 0.45069040625 0.009888528125 0.44769138281250004 0.011734596875 0.44604093593750005 0.0182001546875 0.4461494328125 0.0207542640625 0.44448259375 0.0230041515625 0.4421218546875 0.024237951562500002 0.43858580937499997 0.014718692187499998 0.4351783546875 0.000247959375 0.4351584359375 0 0.41987957500000006 0
4 0.3859034125 0.1682277921875 0.38499209218749997 0.1630379390625 0.384364815625 0.157976915625 0.386055609375 0.1552849125 0.38902420625 0.15827839375 0.39091805625 0.1661374234375 0.39253459999999996 0.1756001140625 0.3954199640625 0.18843830625 0.3976413265625 0.1971870625 0.4000526671875 0.2079161234375 0.40164859843749995 0.217287109375 0.40277632187499995 0.2234398265625 0.403640609375 0.22955541406250002 0.405092275 0.23828449218749997 0.4063136671875 0.24769149218750003 0.40636479375 0.25302650312499997 0.4074822125 0.25913336875000004 0.40841903124999995 0.2604641546875 0.41036691875000003 0.2509710328125 0.4097558515625 0.24552103125000002 0.40916032343750003 0.2427648734375 0.4092572125 0.2377337640625 0.4096822828125 0.230509559375 0.4082228484375 0.22043356093750002 0.4060290484375 0.20705460625 0.40483107656249995 0.198461178125 0.4033732171875 0.1920454921875 0.4024663890625 0.1880106328125 0.4024551578125 0.18512315625 0.406591378125 0.1967168859375 0.40753717968750003 0.20035765312499998 0.40860439531250003 0.203971134375 0.4097345609375 0.20814846406249998 0.41115927656249995 0.20994759843750002 0.41300219687500006 0.20991873593750002 0.414075578125 0.2069801625 0.4116747546875 0.1915284015625 0.41088957031250006 0.1874662015625 0.41026454062499995 0.182982675 0.40793748750000003 0.1783036734375 0.40545454062499997 0.1752010453125 0.403305840625 0.174720628125 0.399732428125 0.172441078125 0.39924677656249996 0.172550228125 0.3963471421875 0.166458578125 0.394819775 0.15909518281249999 0.39370235781249996 0.1529883171875 0.3928734765625 0.148165271875 0.394204521875 0.14671011875 0.397012734375 0.15012498125 0.398522134375 0.1528684109375 0.3997152546875 0.157609596875 0.40094959374999994 0.162534184375 0.40201456406249997 0.16557016875 0.4051135546875 0.17084634375000002 0.4068567984375 0.17122521875000002 0.40861728125 0.170829553125 0.40940503906250003 0.1641018359375 0.40667923906250003 0.15681511875 0.4043177046875 0.1536852015625 0.403069890625 0.145295640625 0.3982553984375 0.13635901875 0.39724512500000003 0.1369714109375 0.39558656718749996 0.1375368359375 0.3946977046875 0.138121940625 0.3936488546875 0.134022665625 0.3931246265625 0.12942015 0.3868089265625 0.13026159375 0.38747741874999997 0.13550601874999998 0.3876010796875 0.136056228125 0.385969471875 0.1435515984375 0.38070301875 0.143386559375 0.37686801875 0.1467531390625 0.3759836484375 0.1484932328125 0.37715034375 0.15425185624999999 0.3778407703125 0.1573238515625 0.378019125 0.1615224359375 0.37581044375 0.16645016875000002 0.3774650609375 0.1778911765625 0.38051250468750003 0.177724059375 0.383831865625 0.1771707046875 0.38555714218750003 0.1729296171875 0.3859034125 0.1682277921875
4 0.224453934375 0.360600875 0.22145251875 0.3616241 0.21867081875 0.36259794218749997 0.21643093281249998 0.36623929375 0.215988096875 0.3701740859375 0.21697000000000002 0.3776239296875 0.21981622031249998 0.3882339859375 0.22192469843749998 0.3935075546875 0.2232073640625 0.3981876859375 0.2258764546875 0.405955659375 0.22964412343750001 0.4134767265625 0.23215183593750002 0.41744570468750003 0.23450223593750003 0.4186607578125 0.23668719062500002 0.41503175 0.2361528484375 0.40957327968749996 0.2323065234375 0.4006752484375 0.2330199390625 0.3956336640625 0.2355073328125 0.39437730625 0.238152040625 0.39587487656250003 0.24133921875 0.4049210484375 0.24914447343749999 0.413975296875 0.252589384375 0.413898378125 0.2607269625 0.41416143125 0.260640178125 0.410694334375 0.25915238125 0.4051014890625 0.25240361875 0.40382898125000005 0.2502770015625 0.40360961562500003 0.2479890015625 0.39959125625 0.24657579843750002 0.3943303078125 0.24663819843749998 0.3915270015625 0.24569439843750002 0.385385946875 0.2535705375 0.38471800156249997 0.2572363296875 0.3888540421875 0.263873340625 0.3972822296875 0.2710805984375 0.4033778453125 0.27227362187500004 0.39732313750000003 0.26323885156250004 0.3830961640625 0.271973571875 0.3797552921875 0.275819434375 0.3855041734375 0.2802880703125 0.3875309171875 0.28973663906249997 0.38898953281250004 0.29270785625 0.3932816765625 0.28705262187499997 0.398961503125 0.2907216265625 0.40392347500000003 0.2965076140625 0.40207198125000004 0.2982140078125 0.4088528046875 0.303681615625 0.41451275 0.303289359375 0.40302775625000004 0.29557836718749997 0.3865744078125 0.2973512734375 0.380664925 0.30531319375 0.3722622625 0.3012283140625 0.36463824375 0.296855096875 0.35735458124999997 0.2942279546875 0.35215845 0.294431640625 0.3449483390625 0.2904057140625 0.337586621875 0.29117643593750003 0.32721800624999997 0.285750584375 0.332295178125 0.28374829375 0.338807315625 0.28153268124999997 0.3500517703125 0.28842269531250003 0.349054353125 0.2866658484375 0.3590934953125 0.286753709375 0.3667891859375 0.2922545734375 0.3661039765625 0.2936265265625 0.3762665796875 0.2880206078125 0.3797309125 0.288912446875 0.3707128328125 0.2856625296875 0.3692388359375 0.282779171875 0.37264237968749997 0.280485334375 0.37866894218749997 0.2715287890625 0.36965986093750003 0.265562734375 0.36989851875 0.2602579984375 0.3763262234375 0.254062559375 0.377167534375 0.24548221093749997 0.3755137890625 0.23582353125000002 0.37961342187499997 0.2246974765625 0.3788073703125 0.22883053750000001 0.3739123109375 0.23651649375 0.37113892187499997 0.238764509375 0.369587703125 0.24771788906249997 0.36757544375 0.2534935328125 0.36836933906249997 0.2565892046875 0.36802225312500003 0.2507310796875 0.3583887453125 0.242404090625 0.3583099046875 0.23844515781250003 0.3581536890625 0.233238465625 0.357580584375 0.2293541265625 0.35775626250000003 0.22649783281250002 0.358398209375 0.224453934375 0.360600875
4 0.1712745390625 0.4553422859375 0.168637665625 0.4461522390625 0.167406534375 0.44067441562500004 0.16655145 0.4385647890625 0.1666611453125 0.43566287656249997 0.1666410234375 0.43048833125 0.16616257968749998 0.42412202812500005 0.1657009046875 0.4220678453125 0.162553621875 0.4216242875 0.16036441562499998 0.4186636 0.158226703125 0.413389528125 0.1562703078125 0.40807470781250005 0.15321930781249998 0.40127954218750006 0.14433931718749998 0.40054191093749997 0.13883714687499998 0.40508736250000005 0.13546711718749999 0.409585209375 0.1353574171875 0.41248712187500003 0.1358274765625 0.41669736406249996 0.135326046875 0.41997504531249996 0.15039539531249999 0.42176729999999996 0.15524278281249998 0.423842840625 0.159932334375 0.4319961 0.1597610796875 0.43462412187500005 0.15170485312499998 0.43183113281249996 0.14380310937500002 0.422098 0.138904225 0.422335840625 0.13193026875 0.42562958125000006 0.12829497343750002 0.4319134015625 0.12747678125 0.43929043593749995 0.127791271875 0.442384740625 0.128047559375 0.4460675765625 0.12890935312500001 0.4499020515625 0.13308968125 0.4515520640625 0.136579471875 0.44673957499999994 0.1390462765625 0.44330790468750003 0.14472862656250002 0.4423185328125 0.151632046875 0.444219709375 0.1535201796875 0.44753579062500004 0.1506873890625 0.45018653750000004 0.1436127140625 0.4509133828125 0.138662334375 0.4534646015625 0.1360757703125 0.4572109140625 0.13505949374999998 0.46031657968750006 0.14942034531249998 0.46658395312499995 0.15237625 0.464480990625 0.1567177703125 0.4609157078125 0.158346259375 0.45968652812500005 0.15986840625 0.46222168750000003 0.1606070859375 0.46550838125 0.15844806250000001 0.47030950625 0.15265266093750002 0.47333836875 0.1481231171875 0.4752195546875 0.14353537031250002 0.477689275 0.1416091578125 0.48013626875000004 0.140712640625 0.48292729375 0.1421284421875 0.4892267890625 0.1494437265625 0.49277840156249997 0.148436421875 0.4935635984375 0.1459080609375 0.496721375 0.145730096875 0.49762455 0.144347834375 0.49994929375 0.1466769265625 0.5077698859375 0.1561803265625 0.5093744484375 0.161062440625 0.5048244890625 0.16486336875000002 0.50224388125 0.1684896859375 0.501428871875 0.17230738125 0.5031603828125 0.1788314015625 0.500830940625 0.1801454 0.49650745937499996 0.1810352109375 0.4919915875 0.18502080781250002 0.490232653125 0.190887828125 0.490064953125 0.1942712734375 0.489016803125 0.199700690625 0.485207015625 0.21001557499999998 0.47770969374999994 0.2137838171875 0.47887686875 0.2187937125 0.47947725781250006 0.22075465 0.47040476406250004 0.22031133593750002 0.4604339921875 0.21468618906249998 0.465438671875 0.210878553125 0.46629443281249994 0.205921465625 0.467120803125 0.2039885484375 0.46784295 0.20198065625 0.4648415109375 0.205648409375 0.45912584843750004 0.2110397453125 0.46107913749999996 0.217201134375 0.458831196875 0.21814914531250001 0.4537267921875 0.2236233515625 0.445878778125 0.229189296875 0.44606647187500004 0.23251118437499999 0.44474442812500004 0.23565896562500002 0.44288606406250003 0.2382367828125 0.44029262343750003 0.2395108875 0.44029399687500004 0.2440856375 0.44386944375 0.24956548750000002 0.44752919531249996 0.262513890625 0.4483594984375 0.2654927296875 0.4482654609375 0.267959534375 0.4448337890625 0.26830204062499996 0.43957774687500006 0.26676648125 0.4335928921875 0.2617959796875 0.43096956875 0.2552238171875 0.4364748140625 0.25062265625 0.43549483593750005 0.24662364218750002 0.433804075 0.24328833749999998 0.43167642187500005 0.2390397453125 0.42802767187499996 0.2340110390625 0.42599288125 0.230319809375 0.42567157499999997 0.22808246250000003 0.42588669062499995 0.226994565625 0.42613119218750006 0.2296807671875 0.416895696875 0.22731359687500002 0.41483818125000005 0.22147676249999998 0.422767696875 0.2168241046875 0.4241011 0.2136801765625 0.42451996875000003 0.210769059375 0.42258470312499996 0.21128953125 0.41642548437500004 0.2114507234375 0.411210190625 0.2096789953125 0.40671704374999995 0.20597770468749999 0.40380846718749996 0.2014313921875 0.4013775328125 0.1965940640625 0.4018892625 0.194438396875 0.4075528125 0.199552134375 0.41589846093749994 0.20291427187500002 0.42492550781249994 0.1993942984375 0.4219761796875 0.194876 0.4111948984375 0.1928446328125 0.40215649062500003 0.1925234328125 0.3973373390625 0.1930539640625 0.393765390625 0.19182954218749998 0.3900124171875 0.187361553125 0.39216749375000004 0.186348628125 0.3961355828125 0.1857733109375 0.40374576093750003 0.18890934375 0.41685178437500003 0.1934791359375 0.42531968437499995 0.1976795890625 0.4321442390625 0.20246542031249998 0.4339458890625 0.2081477703125 0.43295651562500004 0.2114797203125 0.4342217453125 0.213361146875 0.435812978125 0.21022728124999998 0.43881911875 0.20702515156249998 0.4398265171875 0.20353200624999998 0.44377658125 0.20184866875 0.4464567171875 0.193579753125 0.45119240156249996 0.1920676703125 0.4512445140625 0.18920804687499998 0.44699586875 0.1870703375 0.44172179843750004 0.18554483593749999 0.4383242171875 0.1822576703125 0.4330207578125 0.1774002203125 0.42835794375 0.1708694921875 0.4289625375 0.172281940625 0.4343996109375 0.1776452609375 0.4447032484375 0.1811652359375 0.44765257500000005 0.18304330468750002 0.4483813859375 0.18476353750000002 0.455187915625 0.18321001875 0.460140678125 0.1828059546875 0.46512283437499996 0.18105770625 0.4666666515625 0.1770687546875 0.46756316406250004 0.17240603593749998 0.4663092953125 0.170795503125 0.45660085156249997 0.1712745390625 0.4553422859375
4 0.2228876171875 0.5366777921875 0.22621286093749998 0.5362181734375 0.228527721875 0.534547009375 0.22853978281249998 0.527926603125 0.22892091093750003 0.520935521875 0.22922144375000003 0.5165520890625 0.2278224125 0.5145647125 0.22412112031250003 0.5116561374999999 0.22140473593749999 0.51312981875 0.21859206874999998 0.5209551078125 0.21703184375 0.5241830249999999 0.210128421875 0.5222818484375 0.20412822656250001 0.5193144937499999 0.2020072859375 0.5183525437500001 0.19930885468749998 0.5088886046875001 0.1979031140625 0.505176378125 0.1885676125 0.5000813703125 0.18626200312500002 0.49829774687499995 0.18372693281250002 0.499730678125 0.18275879687500002 0.49966053906249996 0.1769667484375 0.5035518265625 0.1845573546875 0.511053078125 0.19134101718750002 0.513268896875 0.1933609421875 0.5154763859375 0.195548175 0.5218183 0.2003120953125 0.527706984375 0.202478428125 0.5306188671875 0.2049720640625 0.5340865890625001 0.20823126250000001 0.536087484375 0.2147832484375 0.5370606062500001 0.21998656093750002 0.5373298 0.2228876171875 0.5366777921875
4 0.5126563078124999 0.7282169281249999 0.5151772453125 0.7321477296875 0.518123296875 0.7359829890625 0.519457240625 0.7386064828125 0.515096753125 0.7357637234375 0.512348378125 0.734132728125 0.5114526578125 0.7347837765625 0.5156443 0.74283646875 0.5188659 0.7445859796875001 0.521758603125 0.74685914375 0.524932096875 0.7483945953125 0.5290013078125 0.749278996875 0.5325465656249999 0.7491568140625 0.535615975 0.7482421 0.536509075 0.74691703125 0.5355521390625 0.7439839375 0.5354533 0.74288180625 0.52775926875 0.73381731875 0.5219913640625 0.727692971875 0.518140415625 0.7221497015625 0.5139116109375 0.7106198906250001 0.5164698671875 0.7074308265625 0.51515550625 0.7022450453125 0.512212075 0.6990838078125 0.5094846671875 0.7028449515624999 0.5084708328125 0.7095940093750001 0.5088744765625 0.71917265625 0.509747878125 0.72189965625 0.5126563078124999 0.7282169281249999
4 0.55307735625 0.71598419375 0.5528796812500001 0.7137799328125001 0.5472074828125 0.7060529640625 0.5446199046875 0.7081594109375 0.5440476078125001 0.7099183328125 0.5427092703125 0.71224294375 0.5431527359375 0.7168655234375 0.5433263578124999 0.7189627562500001 0.54288243125 0.720299309375 0.542060184375 0.721608453125 0.5400106984375 0.723418284375 0.539713715625 0.7260710234375 0.5405003828125 0.7289088703125 0.5416621265625 0.7347403140625001 0.54111103125 0.7389118109374999 0.5419717515625 0.74141679375 0.5447253671875 0.7443958265624999 0.545142621875 0.742278228125 0.546213971875 0.7351227234375 0.545670125 0.73204056875 0.545659640625 0.7293445000000001 0.54976385625 0.72707286875 0.550940365625 0.7256841046875 0.553331009375 0.7204245640625 0.55307735625 0.71598419375
4 0.10506059375000001 0.38106788593749996 0.11102671093750001 0.37558459843750003 0.1153432078125 0.36581184375000003 0.1156233578125 0.3258781609375 0.1213830265625 0.32364646874999997 0.11083283125000001 0.2964221421875 0.11347249687500001 0.2894869953125 0.1166700046875 0.2736183 0.1124570765625 0.25694879843749996 0.107417653125 0.2563197671875 0.1065034578125 0.268856675 0.101786078125 0.274849478125 0.09818849375000001 0.2640312375 0.095851790625 0.253634271875 0.0994344015625 0.24155462343749998 0.09628908124999999 0.2327486984375 0.08919658281250001 0.23751367031249998 0.0852293078125 0.23639808593749997 0.078469628125 0.2337749 0.0669261890625 0.232744659375 0.050278725 0.2349327453125 0.0546782484375 0.2945973921875 0.050517260937499996 0.31033030156249997 0.026705684375 0.32061449531249997 0.0261533515625 0.32039178437500004 0.03240408125 0.39696637031250004 0.08354273749999999 0.39056420625 0.10506059375000001 0.38106788593749996