3 0.38918623750000003 0.048147925 0.36016415 0.0797007625 0.3525887484375 0.0934723609375 0.3502955421875 0.10826754999999999 0.363672890625 0.150075034375 0.36316823125000003 0.1740499390625 0.3663475625 0.1950501734375 0.36480498125 0.2087289453125 0.3679771625 0.21516769687499998 0.373214453125 0.22035648281250003 0.3800706203125 0.2238205625 0.3972317015625 0.2267577953125 0.41730547968750004 0.2335597453125 0.44419052031249995 0.2479909703125 0.45468934843750003 0.259926315625 0.45572369375 0.2629417078125 0.45481054531250004 0.26771518906249997 0.4387843421875 0.28130518437499996 0.43301457499999996 0.2912527859375 0.4295316515625 0.321251134375 0.43031366875000004 0.336253978125 0.4330153640625 0.340660209375 0.44357975937500005 0.34270739375 0.46724056718750007 0.3403035765625 0.4916798171875 0.345621859375 0.5009782 0.35091813906249997 0.5251202187499999 0.3723890671875 0.577247190625 0.401418446875 0.600683484375 0.41984059843750005 0.6097466265625 0.42412061874999996 0.6300763109374999 0.42621586093749997 0.6838320921875 0.42595533750000003 0.7085721484375 0.42240171562500006 0.7297629265625 0.4093271828125 0.7582004859375 0.3825144390625 0.8131873125 0.355604821875 0.8362842609375001 0.3522181328125 0.8654625078124999 0.3518541671875 0.9224317937500001 0.3465864578125 0.9326882296875001 0.34294406093749996 0.9401011078125 0.3328295296875 0.9416472625000001 0.3264315 0.939858715625 0.317251784375 0.9247798390625 0.3000608765625 0.9094450578125001 0.28757668125 0.9066015015625 0.28110454375 0.911032540625 0.269732715625 0.9249487234375 0.261557875 0.9296877218749999 0.255875628125 0.9318426437499999 0.2462952765625 0.93094658125 0.23806504843749998 0.9270444421875 0.22701975000000002 0.9233326375 0.2211559 0.9205618 0.2193570890625 0.90769705 0.21754360625000002 0.8884017125 0.21846375624999997 0.856379909375 0.2123555859375 0.8445737421875 0.21511526875000003 0.8404884156250001 0.21345 0.8301314484375 0.2035805578125 0.814776003125 0.1968193296875 0.800707234375 0.18108603750000002 0.7835632421875001 0.16514509375 0.7592344625 0.1457734546875 0.73748975625 0.13029992031249998 0.6966086625 0.10480872968749999 0.6779427546875 0.096823590625 0.614341815625 0.0778012484375 0.59694191875 0.0665670140625 0.586256328125 0.05673095625 0.5624261609375 0.042618106249999996 0.4562556671875 0.0345729875 0.4018974703125 0.040095501562500004 0.38918623750000003 0.048147925
4 0.6023935765624999 0.6570017390625 0.6199207359375001 0.6400845359375 0.6219826203125 0.6651026124999999 0.6259521968749999 0.6661408984375 0.6304925906250001 0.6867626453125 0.6379666625 0.685823121875 0.636164765625 0.6643825671875 0.642285946875 0.670247771875 0.6491749796875 0.702022725 0.656308190625 0.704141759375 0.65720104375 0.7004471140625 0.6544920624999999 0.68270265 0.65224348125 0.675002434375 0.6516872578124999 0.668571859375 0.6514986031250001 0.6570584312500001 0.6503110125 0.6485296359375 0.64806243125 0.6408294203125 0.64204088125 0.63495409375 0.6391837546875 0.646776959375 0.637721596875 0.6505294421875 0.63085634375 0.6490645546875 0.62773046875 0.6436158296875 0.6291540765625 0.6276138796875 0.630745653125 0.6224066734375 0.6337371546874999 0.619219603125 0.6394949140625 0.6179138562500001 0.6446628546875 0.6080185859375 0.6516525703125 0.59793823125 0.65405920625 0.59625215625 0.6575995015625 0.5843598828125 0.659706275 0.5682885265625 0.6574912859375 0.562747259375 0.6479655140625 0.5759684125 0.6426681546874999 0.5873184046875 0.6366179640625 0.58937465 0.6306586453125 0.5777267 0.6291529828125 0.5591392 0.6264153640625 0.5493263078124999 0.6210458640625001 0.5462678828125 0.6151014078125 0.5648914921875 0.6172877578125 0.5783643265625 0.619445471875 0.599768734375 0.61801690625 0.6056801671875001 0.612848965625 0.6155754375 0.6096322203125 0.6238309015625 0.6051785625 0.63077045625 0.6014391859375 0.6347542921875 0.596913384375 0.6272854328124999 0.595216071875 0.615925271875 0.59530694375 0.602221084375 0.59566160625 0.595697965625 0.603168996875 0.579798721875 0.6069419671875 0.5779738328125 0.6057623296875 0.560794784375 0.6009441 0.5540764171875 0.58904528125 0.5711425984375 0.581825365625 0.576200828125 0.5767246140625 0.5904139953125 0.57861853125 0.604637328125 0.58213761875 0.615812403125 0.58611215 0.6269412078125 0.58868675625 0.636049875 0.59094029375 0.6538406078125 0.5911368984375 0.6567037859375 0.588284728125 0.6786171671875 0.5985682875 0.684780284375 0.6023935765624999 0.6570017390625
4 0.540594209375 0.48668735781250005 0.5351575203125 0.47931103750000004 0.5334602078125 0.4679508796875 0.5232774296875 0.468264609375 0.515069528125 0.4489164484375 0.5150309796875 0.43666698125 0.5080518671875 0.4352136609375 0.5079118453125 0.44820205625 0.50928313125 0.4581537640625 0.51156530625 0.46801292656250004 0.5159952828125001 0.47909545937500003 0.5212353656250001 0.4836086046875 0.5256603859375 0.48460062031250006 0.533896925 0.4960172140625 0.5380680625 0.51000919375 0.525962728125 0.504031159375 0.5179120984375001 0.48970312031249996 0.497949321875 0.4798013765625 0.4970359453125 0.48566668281250003 0.5040696171875 0.4922639484375 0.5139729390625 0.4974151671875 0.5155548359375 0.499948296875 0.5199550375 0.5114311171875 0.5283814328124999 0.5155778843750001 0.535556128125 0.5175428109375 0.53950058125 0.5206055828125 0.5424071671874999 0.534795915625 0.5504421453125 0.5332588171875 0.540594209375 0.48668735781250005
4 0.7244149375 0.581864746875 0.7261861921875 0.5809151296875 0.7286357796875 0.5818207656250001 0.7317816390624999 0.5857343390625 0.7361280296875 0.593759121875 0.739523521875 0.6019767171875 0.7431695140625 0.6145692781250001 0.7439737078124999 0.6179762640625001 0.746827884375 0.6292313218750001 0.74796696875 0.632001853125 0.7509490484375 0.6384334859374999 0.7542331015625 0.640793684375 0.7545221390625 0.6280647890625 0.7526047499999999 0.61440555625 0.7508640765625 0.6068857140625 0.7479228671875 0.5952546640625 0.744131903125 0.5864037859375 0.7416285078125 0.5820401093750001 0.7385338109374999 0.576197165625 0.7357360875000001 0.5737875609375 0.733893090625 0.5701264578125 0.732317221875 0.5643937859375 0.731463790625 0.5574813171875 0.7310362671874999 0.553483990625 0.7321086078125 0.5441390265625 0.7330900890625001 0.5354767515625001 0.7343941265625 0.529283128125 0.736336803125 0.523698084375 0.7370968796875 0.5151545093750001 0.735470140625 0.5097396828125 0.7313094296875 0.5084306375 0.7268301312500001 0.5127340515625 0.72391479375 0.5184179140625 0.7208100984375 0.5275845218749999 0.72072835625 0.53798335 0.7224869671875 0.5466558734375 0.7235493078124999 0.5523204578125 0.721017978125 0.5618136484375 0.7168509421875 0.565315671875 0.7135363078125 0.571424934375 0.7116074140624999 0.5785479171875 0.7115064125 0.5851003593749999 0.7116043999999999 0.5900932484375 0.7135136656250001 0.596056625 0.7170588203125 0.5995447984375 0.71952634375 0.6016031140625 0.7209341734375 0.6033842578125 0.7219632875 0.612130890625 0.7213055359375 0.6168157265625 0.7206657187500001 0.6226532406249999 0.723430215625 0.6281448968750001 0.7262279390625 0.6305545015625 0.724042096875 0.63616425 0.722360521875 0.642877271875 0.7277845453125 0.6523319078125 0.73163931875 0.649631278125 0.73599835625 0.6480339203125001 0.739210665625 0.64578339375 0.74169348125 0.64360698125 0.743152471875 0.64345875625 0.7464697515625 0.642736903125 0.7467973046874999 0.6377007796874999 0.7454047671875 0.6316849078125 0.742985759375 0.6223098109375 0.7397169953125 0.6157148859375 0.7356828640625 0.6068887109375 0.7318075109375 0.60304925 0.7291659187499999 0.6002389484374999 0.72648845625 0.5951232859375 0.7247683640625 0.5941435359375 0.7226822 0.5905071375000001 0.7244149375 0.581864746875
4 0.69370169375 0.8932372609374999 0.6971777515625 0.8975021218749999 0.6991051359375 0.8961518078124999 0.7011092640625 0.8919074390624999 0.7034230109374999 0.8814742671875001 0.7028111296875 0.8734549125 0.701764078125 0.8635555984375 0.7025779640625001 0.8584700671875 0.7078764359374999 0.8598559390625 0.71270386875 0.8570564921875 0.7105638984375 0.8499620531250001 0.7031998421875 0.8514798703125 0.7059922765625 0.84311465625 0.708331603125 0.8317168 0.7197603671875 0.8305556968750001 0.7188707734374999 0.8229493906249999 0.705720590625 0.8204370390625 0.7053146796875 0.8073939156250001 0.7035573921875 0.801415096875 0.703000640625 0.799547490625 0.6973168390625 0.7916585828125 0.6914450015625 0.7899461265625 0.6822917562499999 0.7912608828125001 0.6776410390625001 0.8001997265625 0.6740114953125 0.8017229703125001 0.6744234375 0.7916754312500001 0.680497275 0.7802830015625 0.6807583765625 0.7814109765625 0.68649201875 0.7846768109375 0.69020859375 0.7835295578125 0.68426236875 0.7718189671875 0.682764859375 0.7642744234375 0.678211171875 0.7585797078125001 0.66933431875 0.756787709375 0.6634877703125001 0.735830975 0.66263536875 0.7332237328125 0.660771790625 0.7230225406249999 0.66030075 0.71883721875 0.659133440625 0.7116439625 0.6574645078125 0.7087348437500001 0.6541625203125 0.7052219671875 0.6499569671875001 0.7010312171875 0.6468981421875 0.6974936375 0.6454032796875 0.6953365015624999 0.642449425 0.6933275937500001 0.639063046875 0.6948261359375 0.63878665625 0.6979328875 0.6404735234375 0.7019946874999999 0.642628784375 0.7048543984375 0.6478608046875001 0.7124043703125 0.6511116328125001 0.717846615625 0.6538070328125001 0.724114959375 0.6546620796875 0.7321096093749999 0.6535000609375 0.735691171875 0.6523533328125 0.7350380046875 0.6501110375 0.731802303125 0.6453832828125 0.7253556031249999 0.6424114921874999 0.7221940140625 0.6378066437500001 0.7184286671875 0.6330124359375 0.7181460640624999 0.6286686875 0.7155086921875 0.62547166875 0.7135244890625 0.6218574171875 0.71081300625 0.619699509375 0.702565884375 0.6207053953125 0.6993850171875 0.621816253125 0.6977328234375 0.6272861468750001 0.6944832703125 0.6292467609375 0.6900509078125 0.626308196875 0.6838072671875 0.6238074453125 0.6848309984375 0.6219312218749999 0.684251946875 0.6210967546874999 0.6827973859375 0.6144263249999999 0.6819357312500001 0.616932365625 0.69168681875 0.6099267390625001 0.6979786531250001 0.61160919375 0.70632218125 0.6152434390625 0.7187968 0.618591590625 0.727885084375 0.6215583796875 0.7385514468750001 0.621438121875 0.74125750625 0.6212155390625 0.7478223015625 0.6222337 0.7519520359375 0.623546190625 0.7541277015625 0.6276454499999999 0.7540960703125 0.630178103125 0.747296584375 0.6309600828125 0.7479868078125 0.6338282265624999 0.7523134296875 0.6383114937500001 0.7560911296875 0.6409836640625 0.7504319703125 0.6372285703125 0.743886453125 0.629823353125 0.7323240906249999 0.6300665171875 0.7322993859375 0.634617559375 0.7326066921875001 0.6399339687500001 0.7351452468749999 0.6442265546875 0.7397119875 0.6484321078125 0.743902734375 0.6523944937499999 0.7481181859375 0.655696484375 0.7516310625 0.6569481828125 0.7538129031249999 0.659216059375 0.7560839203125 0.663831196875 0.7631193140625 0.6635880328125 0.76314401875 0.6626153718750001 0.7632428359375 0.6609058640625001 0.7838127265625 0.6640158484375001 0.7854209375 0.6662554968750001 0.7832692296875 0.668459275 0.7788121609374999 0.669306384375 0.77064458125 0.674535759375 0.7728071421875 0.6744410796875 0.774548515625 0.6724881125 0.776863515625 0.6704584046875001 0.7820725671875 0.669731553125 0.787534090625 0.668743603125 0.7918676390625 0.6663478234375 0.7944200421875001 0.6647712171875 0.8026617359375001 0.66708525625 0.8105081593750001 0.6690056578125 0.8126220625 0.6723505015625 0.8149760828125 0.67445195625 0.8143777515625 0.6777333624999999 0.8113505375000001 0.68103270625 0.8094760046875 0.68325441875 0.8061716171875 0.6858933656249999 0.8035945078125 0.6955938046875 0.8067940640625 0.69621391875 0.8094730078125 0.697834334375 0.81969890625 0.6975758796875 0.8239583406250001 0.697772403125 0.8284361234375 0.6979984031249999 0.8354604406249999 0.6966470265625 0.8425247499999999 0.6947887390624999 0.843098375 0.69274109375 0.8471547484374999 0.6952650703125001 0.8580585171875 0.6952012640625 0.8696100250000001 0.693471171875 0.883639825 0.69370169375 0.8932372609374999
4 0.7125460312499999 0.6926268656250001 0.7177598671875 0.6947521359375 0.7206492625 0.691471746875 0.72176825 0.682397534375 0.7188078625000001 0.663117884375 0.71262920625 0.6484795203125 0.705805984375 0.6329110265625 0.6994806390625 0.624593121875 0.693126640625 0.618933096875 0.6885573703125 0.6177379562499999 0.6845885453125 0.6191367828125001 0.682418775 0.6236715484375 0.679917846875 0.62492124375 0.676425728125 0.620961696875 0.6705363890625 0.6159182109375 0.6653953265625 0.6094712171875 0.659746621875 0.6063945093750001 0.6539191546875001 0.6053271953125 0.65292923125 0.61032286875 0.6546011218750001 0.6156911171874999 0.656188575 0.6206945875 0.655815578125 0.6237193265625 0.6568321265625 0.6271836656249999 0.659519678125 0.6323035359375 0.6631905625 0.634253690625 0.6653162109374999 0.631382765625 0.667128453125 0.6308667796874999 0.6695256703125 0.6319507203125 0.66955660625 0.63393880625 0.6691108359375 0.6412852640625 0.669413340625 0.6472282171875 0.671302915625 0.6516824437500001 0.675843534375 0.65553546875 0.6791082046875 0.653876309375 0.6787747656249999 0.645945271875 0.6826685359375 0.6442221984375001 0.6892774953125 0.6505200624999999 0.688844909375 0.6542145953125 0.6873042390624999 0.6586854484375 0.688789884375 0.664176328125 0.6904433921875001 0.6759557109375 0.6890946703124999 0.6747652484375 0.6826954093750001 0.6684460796875 0.67731599375 0.6646782734375 0.6701948296875 0.6524587640624999 0.669879140625 0.6501677359375 0.6690380609375 0.645606984375 0.6675524140625 0.6401161078125 0.6641198828125 0.6354867625 0.6582460140624999 0.6314373171875001 0.6532685 0.6377507578125 0.654310403125 0.6394701984375 0.6565729796875 0.6408996890624999 0.6581435703125 0.643975871875 0.6595133375 0.6498933640625 0.65759510625 0.6480970171875 0.652637371875 0.64893256875 0.650917934375 0.6554128109375 0.6514456078124999 0.6623285015625 0.6527811421874999 0.6671708890625 0.6530217765625 0.6691376703125 0.6531896374999999 0.675426171875 0.6559334796875 0.680789225 0.6570415656249999 0.68001290625 0.659317328125 0.677790475 0.660184778125 0.6750473734375 0.6600169171875 0.6687588703125 0.661140471875 0.6689765953125 0.6657252109375 0.67116578125 0.6683023343750001 0.6725633156249999 0.6718397140625 0.6771820046875 0.677804109375 0.6825497390625 0.6863599546875 0.687986065625 0.6948562093749999 0.6940921875 0.6976264249999999 0.6921513906250001 0.7023799125 0.6871881984375 0.69972748125 0.6697025515624999 0.69882453125 0.66116563125 0.70025693125 0.6497364796875 0.7027492343749999 0.6614306437499999 0.7092544859375 0.6700621421874999 0.710325296875 0.6848875671875 0.7125460312499999 0.6926268656250001
4 0.5396042203125 0.619595978125 0.5433810921875 0.6238584671875 0.5452242703125 0.625330565625 0.548550809375 0.627647578125 0.5503917046875 0.624473709375 0.54944463125 0.617600628125 0.5467162562500001 0.6132316171875 0.544901734375 0.6091016359375 0.5480604140625001 0.6051301453125 0.5532897171875 0.608249459375 0.559536584375 0.6092741671875 0.5623199875 0.6036814453125 0.560640109375 0.5992059125 0.557551921875 0.594209715625 0.553446171875 0.5913081250000001 0.5478570546875 0.5875616234375001 0.548768628125 0.5831546828125 0.5507441656250001 0.5796352640625 0.552854346875 0.5757702953125 0.5569687203125 0.5657280265625 0.5557059609375 0.5565639171875 0.550730475 0.551759459375 0.546331346875 0.5614987859375 0.547097371875 0.5657352890625 0.5470687203125 0.568393171875 0.541766640625 0.5695955781250001 0.5441374890625 0.57798336875 0.5397956671874999 0.5824069328125 0.536435909375 0.5734558671875 0.5357604078125 0.5705376515625 0.5341378359375 0.5607463578125 0.5314379671875 0.5467501796875001 0.52704304375 0.541222996875 0.5263830109375001 0.5392988234375 0.5245662062500001 0.5305228750000001 0.517882190625 0.5239007640625 0.5141694671875 0.5282604156249999 0.5156429421875 0.531844271875 0.5162246234375 0.5343571796875 0.5143517796875 0.5411019109375 0.5155637015625001 0.5458738875 0.5176839 0.54715190625 0.5203945265625001 0.545880909375 0.521952946875 0.5470500656249999 0.525360628125 0.5506448359375 0.5276039328125 0.5547727390625 0.5268865921875 0.55816433125 0.52642205625 0.565429728125 0.5284363890625 0.57227735 0.5308734187499999 0.5781693812500001 0.532562171875 0.58546491875 0.5333690203125 0.5889505640625 0.5362221500000001 0.5957129671875 0.5354297531250001 0.5987803125 0.534966234375 0.6004867625 0.5355268703125 0.606606209375 0.5392289406249999 0.617974746875 0.5396042203125 0.619595978125
4 0.6156604390625 1 0.6152315500000001 0.99964999375 0.612401653125 0.9968766312499999 0.6096671453125 0.9958656546875 0.6067869015625 0.9942250937500001 0.6036012796875 0.99261555625 0.5999292171875 0.9925053265624999 0.5974422390624999 0.9921135968750001 0.5965110828125 0.9912416078125 0.595636671875 0.9874640843750001 0.5924349265625 0.9826342203125 0.590801434375 0.9841292359375 0.590902734375 0.9868173406249999 0.5908824234375001 0.9898802718749999 0.5891391406250001 0.99360154375 0.5893481406250001 0.9972050203125 0.5908164796875 1 0.5936227453125 1 0.5945803375 0.998203890625 0.5953716640625 0.99937200625 0.5956002218750001 1 0.6156604390625 1
4 0.7567528296875 0.208196084375 0.756113696875 0.207516134375 0.7452831546875001 0.1981880734375 0.745117253125 0.2026742359375 0.7481296562499999 0.20944459843750002 0.7491404312500001 0.2138112171875 0.7462321765625 0.21373423906250003 0.742347865625 0.2115217671875 0.7379928828125 0.2093571140625 0.7331498734374999 0.2061247140625 0.72378341875 0.19999989375 0.7156283546875 0.19598665312500002 0.7103223546875 0.20844387343749998 0.715839215625 0.214587353125 0.7240116359375001 0.2197161546875 0.729729115625 0.2236045984375 0.7360362125 0.230040234375 0.73872905 0.2364706203125 0.7406638078125 0.2396260421875 0.7446818640624999 0.24033515468750002 0.7471715234375 0.24380664375 0.7484176328125 0.248149353125 0.74909148125 0.251060434375 0.74778361875 0.25789726874999996 0.7455839328125 0.26296249843749997 0.7435848625 0.26577269062500003 0.7425271343750001 0.26848724687500003 0.743874834375 0.27430940625 0.7419773562499999 0.27859904687500003 0.7386678625 0.2830321421875 0.735004090625 0.2848941328125 0.729190140625 0.2899541078125 0.722519084375 0.2954736046875 0.71619975 0.298350271875 0.70873845625 0.3035776109375 0.706405021875 0.3101461984375 0.708022771875 0.31817557343749997 0.7114389734375 0.325649796875 0.7149542062500001 0.3293895359375 0.7162151140625 0.32963387499999997 0.7182315406249999 0.327939246875 0.722617396875 0.3245141265625 0.726715153125 0.322770990625 0.7316578875 0.3172641390625 0.734512784375 0.3113874578125 0.73765509375 0.3088335625 0.7408160421875001 0.3100021953125 0.7442618390625 0.3092796765625 0.74708458125 0.3063858046875 0.7503111203125 0.304195790625 0.7527499859375 0.30692755625 0.75616490625 0.3117948109375 0.7594596015625 0.3114600875 0.7615429 0.3090137796875 0.7617088015625 0.30452761562499997 0.760024178125 0.2972499171875 0.756456871875 0.2901634875 0.7537788328125 0.27963473125 0.754834 0.27170624062500004 0.75566606875 0.25448935625 0.757211828125 0.2528425453125 0.75645886875 0.259995446875 0.7562955265625 0.2696955453125 0.7573757343749999 0.2785244203125 0.759260978125 0.283547084375 0.7611957328125001 0.28670250468749997 0.761381553125 0.28854583749999996 0.7618052703125 0.295579196875 0.7647482421875 0.297887303125 0.771873890625 0.29381139218749996 0.772340721875 0.285942671875 0.7718006171875 0.2815282359375 0.770415640625 0.2682610140625 0.7670637515625 0.254821178125 0.7660157 0.243009496875 0.76365210625 0.22239285 0.7559477953125 0.212002296875 0.7567528296875 0.208196084375
4 0.3833914734375 0.077207071875 0.3811693203125 0.07484299531250001 0.38030801875 0.0737533 0.37693638125 0.0677389734375 0.3754064359375 0.06836528750000001 0.3734411609375 0.0697421484375 0.37404216562500003 0.07365413125 0.37465648281249997 0.0776236203125 0.3735525125 0.080090175 0.3724908125 0.0820815546875 0.37172665 0.08404270625 0.368839090625 0.08998661875 0.369255709375 0.0944176421875 0.3703722734375 0.0959522828125 0.37235949375 0.09598583125 0.3756323734375 0.0956533234375 0.376343290625 0.093462140625 0.37619290156249996 0.09018126562499999 0.3764997921875 0.0875602515625 0.381791190625 0.086080915625 0.38298294843749997 0.0892559921875 0.38629522031249997 0.1042230546875 0.38729917187499996 0.11448039843749999 0.3846103890625 0.11404724531249999 0.38210167500000003 0.11241860156250001 0.381069659375 0.1099336125 0.3767098984375 0.104255115625 0.3731707875 0.10343747343750001 0.3721411984375 0.1058964703125 0.37346566718749996 0.10882262499999999 0.37797073124999997 0.11825339531250001 0.38044976406250003 0.1243584046875 0.38279100312500003 0.1311837328125 0.3835897046875 0.1346341828125 0.3850915875 0.141780225 0.38577897656250004 0.1525406109375 0.3891340671875 0.16138189375 0.3906682875 0.15863618906250002 0.3928246015625 0.1567690421875 0.39223726718749996 0.150942721875 0.391513759375 0.1491327109375 0.3906618125 0.14545223125 0.3884170171875 0.134850071875 0.38757188125 0.1288145046875 0.38809175625000003 0.127113609375 0.389090853125 0.1274829875 0.3896436484375 0.12789770312499998 0.3921023546875 0.13588829687499998 0.39359488125 0.14562512656249998 0.394880428125 0.1504387515625 0.39661735625 0.154735640625 0.40061698124999995 0.1628051234375 0.40393698906250003 0.1718854078125 0.40507549843749996 0.17483045625 0.4082357671875 0.183220653125 0.4091612890625 0.1852455828125 0.41039531875 0.187945484375 0.41140700781249995 0.1923160546875 0.412439025 0.194801040625 0.417542621875 0.2004039703125 0.41651366406249996 0.1933276 0.4147831421875 0.185851628125 0.41331666250000004 0.180831921875 0.4053885046875 0.1630266796875 0.40313181406250004 0.155251003125 0.401392659375 0.146422128125 0.4003410359375 0.1418790375 0.39879058437500003 0.133207571875 0.39745311875 0.1254562265625 0.395270003125 0.1160249984375 0.3925027890625 0.10735942812499999 0.390681425 0.0988332078125 0.3919654640625 0.09517116249999999 0.3935173578125 0.09595525625 0.39545295 0.0990547640625 0.3975482828125 0.102844359375 0.4002496578125 0.10727870625 0.4024514828125 0.1115283625 0.4019003078125 0.114409634375 0.40053171875000004 0.119022028125 0.40139464062499997 0.1234077109375 0.4029105546875 0.126667575 0.408089165625 0.1227275796875 0.40841638125 0.1182209859375 0.408648078125 0.1139595359375 0.40874796093750004 0.1111020390625 0.40776788750000004 0.106868053125 0.405815025 0.1010627453125 0.40344878125 0.09741838750000001 0.40045616875 0.09501486718749999 0.39980851875 0.092818240625 0.3966569390625 0.08386431093749999 0.3941685515625 0.0803500875 0.391872825 0.0796415625 0.38531609375000003 0.079601375 0.3833914734375 0.077207071875
4 0.48627660156249997 0.20442752187500002 0.48614530624999996 0.20386031875000002 0.48443078437500003 0.1986161078125 0.478326015625 0.199816865625 0.47988735781249997 0.2043993375 0.4807497953125 0.2086657859375 0.4796840578125 0.20838703125000002 0.47792843124999995 0.20837187968749998 0.47674041875000006 0.20810554531249997 0.4763261296875 0.218210371875 0.47890693124999995 0.22665631406250003 0.47814887968750003 0.23041009687499997 0.47890007968750004 0.238267859375 0.482592871875 0.24447217187499998 0.484365871875 0.24429204375000002 0.48578039687499996 0.24337427812499998 0.48625782031250003 0.237326834375 0.4858806453125 0.23407541406250001 0.48482126562500005 0.228958159375 0.483805653125 0.22402997343750003 0.48396134531249996 0.220917928125 0.48499869218749997 0.2167487421875 0.48685086718750004 0.2177216546875 0.488233309375 0.22261257343750002 0.48992210312499995 0.22882696875000003 0.491794978125 0.23637725937499998 0.49185944218750005 0.24314370625 0.4913703390625 0.2431933984375 0.48913595781249997 0.2465166265625 0.4873983703125 0.24766072656250002 0.48651804375 0.2514269328125 0.4864769390625 0.2566559890625 0.48789412499999996 0.26115635 0.48897946406250004 0.265303396875 0.49363960156250003 0.280891625 0.49591450000000004 0.28336970625 0.49759996875 0.2828114421875 0.498096759375 0.280632315625 0.49727357968749997 0.2762651203125 0.4966428328125 0.27245891875 0.49588980937500005 0.2686651390625 0.4945123953125 0.25622665625 0.49578025 0.2590005609375 0.4967430796875 0.26316005468750003 0.4982595671875 0.26977898125 0.5009758421875 0.278404675 0.5049064265625 0.291938365625 0.5080416 0.30206961250000003 0.511624959375 0.308865584375 0.5139397531250001 0.31366178125 0.5146191531250001 0.31649546875 0.516476790625 0.3219186546875 0.5224465687500001 0.33040732031250003 0.5227078296875 0.328832665625 0.5210190328125 0.3226182703125 0.5187040734374999 0.317483440625 0.515648953125 0.3080697390625 0.513102896875 0.2992332390625 0.5111804921875 0.293090959375 0.50948075625 0.28682929687500003 0.506781521875 0.2773310625 0.504221271875 0.26627059218750004 0.5023651046875 0.2571704875 0.4993015578125 0.24393573906250002 0.4965804421875 0.23434296875 0.49482082656250004 0.22620062968750002 0.4961902546875 0.22238473124999997 0.49891639843749996 0.22442993906250003 0.5005871546875 0.2294850828125 0.5020571265625 0.23475413750000002 0.50445251875 0.23915511562499997 0.5078956109375 0.24267559843750003 0.5111532921874999 0.242151121875 0.51399321875 0.24134252812499998 0.5104310234375 0.22983959375000002 0.5062452578125 0.2258140203125 0.5045487734375 0.2217290625 0.5038157109375 0.21856217656250002 0.5023257812499999 0.21266622812499997 0.500752903125 0.2112779125 0.4957820296875 0.20926724375 0.4910750765625 0.21110004531249998 0.48627660156249997 0.20442752187500002
4 0.7415788265625001 0.385535571875 0.73183723125 0.389846428125 0.7212561375 0.38898406875 0.7142003140625001 0.39329882656250004 0.7082047546875 0.3944614703125 0.7005449968749999 0.3899811625 0.6950243796875 0.39164908125000003 0.6908827015625 0.403140384375 0.6861332828125 0.39808763593749996 0.682009790625 0.3957389296875 0.6797124765625 0.39818643125 0.6845134890625 0.40655509375000004 0.67789200625 0.4050136984375 0.6746391 0.394827175 0.6799351453125 0.393735596875 0.67660865 0.3863241828125 0.6705705890625 0.37725090625 0.6772656609375 0.3760171953125 0.6702777171875 0.36593336875000004 0.66557799375 0.360322046875 0.658406078125 0.3571759921875 0.66369493125 0.366878909375 0.6632992875 0.37522200156249996 0.6666754734375 0.38207484062499997 0.6665908890625001 0.3878954625 0.6658454890625001 0.3962740859375 0.6655124359375 0.40488758281250004 0.6764580859375 0.4104178765625 0.6806828703125001 0.4155239234375 0.6809666484375 0.43376146562500006 0.685694071875 0.4449052375 0.6881514656250001 0.4377365015625 0.6866989390625 0.43068822500000004 0.6927699890625 0.43062496406250006 0.69390384375 0.4246977421875 0.6862569859375001 0.4210464140625 0.6870539828125 0.4159837046875 0.6949842 0.41158011562499996 0.6981430093750001 0.4082148 0.6990890859375 0.40147636562500005 0.7084957234375 0.40190451562499996 0.706592571875 0.4184268953125 0.7103553109375 0.42385664843750004 0.7141988312499999 0.41571679687499996 0.716492340625 0.40552031250000004 0.7179888515624999 0.40038653750000003 0.72543313125 0.3985231828125 0.7272946390625 0.40471517968750004 0.7285920671875 0.4073849171875 0.7296379796875 0.4128817578125 0.7293399109375 0.41746455937500004 0.727506815625 0.418351178125 0.7219446578125 0.421717815625 0.7230697734375 0.427556803125 0.7245255968750001 0.4309108359375 0.73179509375 0.42807113125 0.7349558484375 0.4270496265625 0.738032590625 0.415881040625 0.7369213921875 0.40618850625 0.7386589625 0.40391081562500003 0.7414726843749999 0.40432534374999995 0.74435169375 0.40893556249999996 0.7447990625 0.4186955375 0.7467300828125001 0.42410245468749996 0.7503194796875 0.42688953593749995 0.751914975 0.424976471875 0.752434321875 0.4203711890625 0.7525250265625 0.4119573265625 0.7515093484375 0.40365586249999996 0.7506020328125 0.39875778125 0.7501815875 0.39302777187500004 0.7480687203125 0.3819432078125 0.7456625015625 0.37448340468749997 0.7435189656250001 0.3708490453125 0.739874253125 0.3680675859375 0.7369184515625 0.36801768749999997 0.7337413734375 0.3679902671875 0.7309113328125 0.366526815625 0.72803473125 0.36681906406250003 0.7244314203125 0.36788553125 0.7199593265625001 0.370090840625 0.7164352140625 0.371499453125 0.70891226875 0.37422264375 0.70785919375 0.3853279015625 0.7108225515625 0.384676646875 0.715713321875 0.38207860781249997 0.7247303578125 0.381162521875 0.7274573203125 0.3819360578125 0.735660890625 0.3821531984375 0.7415788265625001 0.385535571875
4 0.8064392390625 0.4180378546875 0.8040942984375 0.424055915625 0.8034581624999999 0.43018936406249997 0.8035773953125 0.4339341390625 0.8039715296875001 0.43967392343749995 0.8032565671875 0.4446594140625 0.801861084375 0.44509017812499996 0.792259859375 0.4431757015625 0.7895457343750001 0.441139509375 0.78462688125 0.4384603375 0.7812746328125 0.438511915625 0.7770996703125 0.4366241390625 0.778103003125 0.43449926562499996 0.780567178125 0.4322259796875 0.786162575 0.4313685234375 0.789708909375 0.42811832031249997 0.790500715625 0.42023510937499997 0.7909003718750001 0.4106577921875 0.7879457921874999 0.397086375 0.784055225 0.3899678609375 0.781379521875 0.3864828109375 0.776370359375 0.38583575 0.7769201609375 0.389825771875 0.778982690625 0.39308412656249997 0.7808241984375 0.39780989375 0.7829810109374999 0.40712748750000005 0.783652034375 0.41890796249999995 0.7817626125 0.4228568046875 0.7808186765625 0.41312699531249997 0.781766146875 0.4034940234375 0.7773028125 0.3987456296875 0.7726858 0.39979267812499997 0.7696353890625 0.40357048124999995 0.7675633640624999 0.40753787656249996 0.767944028125 0.4124120546875 0.7703987078125001 0.4173645171875 0.7735972765625 0.42310837812499996 0.7718116312500001 0.4258907140625 0.7687727062499999 0.42648844375 0.7639596171874999 0.4266884375 0.7551521828125 0.420936425 0.7539143546875 0.4236631046875 0.7604402203125 0.431669853125 0.7593445890625 0.4317811625 0.7572186875 0.4322861359375 0.7540106234375 0.433768025 0.7503470421875 0.43731912968750003 0.74810588125 0.4421706828125 0.7460203828124999 0.44527247187499996 0.7431391125 0.44816611875 0.7393967015625 0.4505692671875 0.730994884375 0.4473769703125 0.7276446234375 0.4514742265625 0.7288998953125 0.4577045078125 0.7315371765625 0.46263841718750004 0.73529504375 0.46514655312500003 0.7380403546875 0.4642896578125 0.7494252359375 0.459376125 0.752779059375 0.4541225421875 0.7553486953124999 0.4492376171875 0.7565045078125 0.4488312 0.7599921171874999 0.4504998171875 0.7636716859375 0.45128195781249997 0.767271896875 0.45149417812500003 0.772240653125 0.4495444203125 0.7806828765625 0.4553335359375 0.78380261875 0.45992943906250006 0.7903898671875 0.46012718281250004 0.794418659375 0.45653897343749994 0.800277475 0.46085659999999995 0.799783534375 0.4643746796875 0.7977095234375 0.464296396875 0.7928445453124999 0.4650796453125 0.7890098390625 0.46546923125 0.7816891218750001 0.46245609062500004 0.7856999874999999 0.47216330468749995 0.7914954296875 0.48024425937500004 0.7957768296875 0.47807534374999994 0.7986803984375 0.47575741562499996 0.8113609578125001 0.47967098124999996 0.8179751421875 0.481599934375 0.8215099984374999 0.48152980312500004 0.8269093218749999 0.4798252953125 0.8313053109374999 0.48024565781249995 0.8341117296875 0.4842954125 0.837218003125 0.488025709375 0.8441704609375 0.48818635 0.8468691296875 0.48531125625 0.8505212296875 0.48494022187499997 0.85511329375 0.486207640625 0.86155834375 0.48902075156249997 0.8694737312499999 0.4844597015625 0.8681261640625 0.47621585624999996 0.8658426078125 0.47442491562500005 0.8652813234375 0.47361496562500005 0.8615888171874999 0.47138918125 0.8603270140625 0.47095611093749995 0.865394596875 0.46522270781249997 0.8638913625000001 0.458728625 0.861842303125 0.456335878125 0.8590109312499999 0.45460059062499997 0.85375380625 0.45368973125 0.8488100015625 0.45332502343750003 0.8422092828125001 0.452261671875 0.8381246296875 0.4483417828125 0.8373403328125001 0.444953565625 0.8375997765625 0.4420372921875 0.8396219015625 0.44269882968749996 0.8451404578125 0.44473909687499996 0.8487541375 0.44581692031250003 0.8590144656250001 0.43523780937499995 0.8567174390625001 0.4325812625 0.8527116124999999 0.429809328125 0.8470892781250001 0.42893557187500003 0.8403463625 0.43048758906250006 0.836601965625 0.42884506250000004 0.836847940625 0.4250631859375 0.8422722140625 0.42104420937500003 0.8478676125 0.42018675468750005 0.851625478125 0.42269488906249997 0.8569230109375001 0.426202565625 0.8599868875000001 0.42329037031250005 0.8590718765625001 0.4193374484375 0.8576744078124999 0.41572253750000004 0.856590259375 0.41265377656249996 0.8525824453125 0.40583616562499997 0.8465016109375 0.40096311250000005 0.8387139593749999 0.400020346875 0.8341623031250001 0.40134974687499997 0.8312984734375 0.413200353125 0.8252226031250001 0.4184414921875 0.8239039609375001 0.4159745359375 0.82455158125 0.40666101718750003 0.828032559375 0.40312846406249997 0.8409167015625 0.39661765625 0.8390108312500001 0.3936323765625 0.8375739484375 0.389443484375 0.83618995 0.3866941796875 0.83114038125 0.38345030156250004 0.8241345421874999 0.380838659375 0.8164012625 0.38436973750000003 0.8166397312499999 0.3918592875 0.8172164703125 0.39758052187500004 0.81761060625 0.40332030625000004 0.8169340609375 0.4068569359375 0.8142738140624999 0.40828317031249994 0.8147639968749999 0.41040080312500005 0.8171475765625 0.4166609515625 0.81941965 0.4216319640625 0.8208036515625 0.424381271875 0.8209613062500001 0.4266771859375 0.8222684656249999 0.4323242109375 0.823942821875 0.4419798140625 0.8249346734375 0.44303501093750003 0.8277700171875001 0.4528616546875 0.824092965625 0.4555471546875 0.82007565625 0.4559552921875 0.8178055687500001 0.45502995625000003 0.8152336437500001 0.450378396875 0.811631446875 0.4461205 0.8101801015625 0.4390431640625 0.8115621140625 0.43774679531249994 0.813451534375 0.43379795000000004 0.8137588953125 0.42220706874999997 0.8126343421875 0.4165414890625 0.8064392390625 0.4180378546875
4 0.8322876671874999 0.48852660625000005 0.8293525171875 0.48795782968749996 0.8280493312500001 0.49040215781249996 0.821831265625 0.498258665625 0.8221984625 0.5022672390625 0.8239381781249999 0.5122051921875 0.822438915625 0.5138024640625 0.8183063468749999 0.518557184375 0.8128820734375 0.522576159375 0.8100372312499999 0.5199752671875 0.8040207625000001 0.513361725 0.8009030078125001 0.512811496875 0.79883098125 0.51677889375 0.7984408203125 0.5191304625 0.800653775 0.5232405078125 0.8040940671874999 0.5298267859375 0.8070353156250001 0.5361747734375 0.8098760421875 0.537042134375 0.8130975765624999 0.5364258515625 0.81601925625 0.5361290234375 0.8206228015624999 0.5342163703125 0.826138875 0.5311995390625001 0.828211396875 0.5282435624999999 0.8289398312499999 0.5241236781249999 0.8296172171875 0.52064115 0.8313346718749999 0.5134766843749999 0.8305128406250001 0.506696634375 0.83136911875 0.50393646875 0.83654543125 0.49965369375 0.8401147312499999 0.490043346875 0.8331353328125 0.48815149687500003 0.8322876671874999 0.48852660625000005
4 0.6210703375 0.83473270625 0.6215000296875 0.8378510640625001 0.62289713125 0.838838415625 0.6260878937500001 0.8387401078125001 0.6293597640625 0.837730128125 0.6326616609375 0.835587809375 0.6348624093749999 0.83310564375 0.6364817765625 0.8300049703125 0.6386314453125 0.8273021375 0.63887165625 0.8182434140625 0.6377705078125 0.8179035703125 0.6359979 0.8203422359375001 0.633298434375 0.824456075 0.6333479625 0.821514890625 0.6343243453125 0.816898534375 0.634872590625 0.8123256765625 0.6347162484375 0.8053399640625001 0.6343019562500001 0.8024459 0.6304286484375 0.7931275140625 0.6265212171875 0.786974609375 0.622380990625 0.7842332234375 0.6211086515625001 0.788202071875 0.6222110109375001 0.793595365625 0.6259444953125 0.7958416625 0.6272095828124999 0.8082482531249999 0.62616788125 0.8147910359375 0.6236434859375 0.822500815625 0.6206722250000001 0.8336438609375 0.6210703375 0.83473270625
4 0.609364603125 0.818869671875 0.6079209062500001 0.816418978125 0.605259665625 0.8153341968750001 0.6039339203125 0.8143395968749999 0.6029394156250001 0.8131984156250001 0.6021687328125 0.8111310609375 0.60052520625 0.8065550187499999 0.5982815765625 0.8047502375000001 0.5969836140625 0.8032446328124999 0.593702696875 0.802046359375 0.5919745125 0.8112633109375 0.5927707359375 0.8134409984375001 0.59450589375 0.817781875 0.5990036812499999 0.8220679390625 0.6006862078124999 0.8230262921874999 0.6054167875 0.8239008390624999 0.606600596875 0.8264908656250001 0.607471196875 0.8296208937499999 0.6116107328125 0.8361454687500001 0.6129267281249999 0.83804449375 0.6141074328125 0.8343108109375 0.6137799015625001 0.8316337921875 0.6114333359375 0.8278067468750001 0.6099066796875 0.8218425078125 0.609364603125 0.818869671875
4 0.8350802406250001 0.33829832187500003 0.8433236125000001 0.3463021796875 0.851165646875 0.3496661 0.8748991734375 0.3519356078125 0.9249880562499999 0.34164604375 0.9357841140625001 0.3374287453125 0.9405473515624999 0.333304271875 0.9449577250000001 0.3276554109375 0.9450232921874999 0.3177672484375 0.9296054203124999 0.28841538125 0.922060265625 0.259250934375 0.9117482015625 0.24521629687500002 0.9086166562500001 0.2540984421875 0.8955254078125 0.2667524984375 0.8693613015625001 0.2644563640625 0.858621009375 0.25068470625 0.8362055984375001 0.192041796875 0.8201273421874999 0.195235503125 0.8101061484375001 0.1998941578125 0.8051319093749999 0.20456014531250002 0.8020248593750001 0.206891859375 0.793478425 0.20457524375 0.7945212796875001 0.2140239640625 0.8031196250000001 0.2244744671875 0.8056006281249999 0.235192584375 0.807123675 0.2467157796875 0.8001895156250001 0.24246598125 0.79381071875 0.230728353125 0.7895151968749999 0.232934140625 0.79306960625 0.25026685937500004 0.8029955140625 0.2644751328125 0.8084609703125001 0.27028965 0.8109352109374999 0.2997639140625 0.8171506562499999 0.30007379375 0.8350802406250001 0.33829832187500003