4 0.47865635156249997 0.60846944375 0.4891370078125 0.602967959375 0.49842667812499997 0.589130890625 0.49890307187499994 0.5824624234375 0.49533012187500003 0.5831292703125001 0.4939009421875 0.5897977375 0.48770782500000004 0.5957993578125 0.47984733437499993 0.6028012484375 0.4705576625 0.6008007078125 0.46769930156250006 0.5927985484375 0.47365422031250004 0.583796115625 0.47913274375 0.575127109375 0.4917571703125 0.5684586421875 0.4962829078125 0.5644575625 0.49223356406249996 0.5621235984374999 0.48508766249999996 0.56545783125 0.4793709421875 0.5707926062500001 0.4793709421875 0.5661246796875 0.4853258578125 0.561123328125 0.49294815468750003 0.5607899062499999 0.4958065140625 0.5597896359375001 0.49556831875 0.553788015625 0.502952415625 0.5491200875 0.5058107765625001 0.5444521625000001 0.503905203125 0.5417847734375 0.49914126875 0.5464527015625 0.49151897499999997 0.5517874765624999 0.4910425796875 0.55545513125 0.48604044843749994 0.55545513125 0.4831820890625 0.55545513125 0.48008553125000003 0.558789365625 0.4755597921875 0.5637907156249999 0.4760361875 0.5681252203125 0.471272253125 0.5627904453125 0.4727014328125 0.5551217078125 0.4715104484375 0.5417847734375 0.4781799578125 0.534449459375 0.48008553125000003 0.5321154984375001 0.47984733437499993 0.5224462203125 0.48675503906250006 0.5164446 0.49270995781250004 0.51511090625 0.49723569375 0.50977613125 0.5090264328125 0.5021073953124999 0.5139094656250001 0.5057750515625 0.5139094656250001 0.4991065859375 0.5112893015625 0.495438928125 0.5048579906249999 0.49944000937500005 0.4967593015625 0.4941052359375 0.49461553125 0.4961057765625 0.49914126875 0.5021073953124999 0.4900897921875 0.5111098265625 0.49318635000000005 0.504441359375 0.490327990625 0.5027742421875 0.4865168421875 0.5107764015625 0.4819911046875 0.5127769437499999 0.483896678125 0.498106315625 0.4829438921875 0.49177127187499997 0.4908043828125 0.476767221875 0.48818422031250003 0.47409983437500003 0.48246749843750003 0.48243541875 0.476274384375 0.46376370937500005 0.4729396296875 0.4667645203125 0.4765125796875 0.4811017234375 0.48032372656250005 0.48777019218750006 0.4774653671875 0.4971060453125 0.458647825 0.49877316250000003 0.4536456953125 0.49510550625 0.46102979218750006 0.4907710015625 0.46460274375 0.48443595781250004 0.46007700781249994 0.484102534375 0.4593624171875 0.476767221875 0.45602766250000004 0.4784343375 0.45555126875 0.4851028046875 0.45215696562499996 0.48743676875 0.449834546875 0.49177127187499997 0.4400684828125 0.48610307343750003 0.4386393015625 0.49010415625 0.44602339999999996 0.49677262187500004 0.44245045000000005 0.5004402796874999 0.44769077656249995 0.503441090625 0.4436414328125 0.50977613125 0.437210121875 0.5087758625000001 0.43244618749999997 0.5187785640625 0.44340323593750003 0.5191119859375 0.44745257968749996 0.5144440593749999 0.451740121875 0.5071087453125 0.45602766250000004 0.5054416296875 0.47365422031250004 0.50477478125 0.47460700781250004 0.513443790625 0.472225040625 0.52144595 0.4629353671875 0.53144865 0.462458975 0.5387839640625 0.46460274375 0.542451621875 0.4593624171875 0.5501203578125 0.449834546875 0.5681252203125 0.45555126875 0.5774610734375 0.44792897500000006 0.5947990875 0.45102553125 0.6021344015625 0.45602766250000004 0.6204726859374999 0.4593624171875 0.6234734953125 0.461267990625 0.6151379125 0.4584096296875 0.60846944375 0.45483667812500006 0.600133859375 0.45436028593750005 0.5927985484375 0.45698045 0.5827958453125001 0.46007700781249994 0.5744602624999999 0.45650405625 0.5694589125 0.46698471093749994 0.5544548625 0.46769930156250006 0.5664581015625 0.47365422031250004 0.575460534375 0.4707958578125 0.582129 0.46555553125 0.5847963859374999 0.4631735640625 0.5907980078125 0.4638881546875 0.5971330499999999 0.465793728125 0.6048017875 0.4629353671875 0.613137371875 0.4584096296875 0.62647430625 0.461267990625 0.6328093499999999 0.46341176093750003 0.6434788953125 0.4648409421875 0.650814209375 0.4698430734375 0.6488136703125 0.47001692500000003 0.6444255375 0.4674611046875 0.6291416921875 0.4629353671875 0.621806378125 0.470319465625 0.606802328125 0.47865635156249997 0.60846944375
4 0.44031202187499996 0.5927985484375 0.4372154640625 0.5921317 0.4360244796875 0.5881306203125 0.44055021875 0.5823269703125 0.44055021875 0.5761273796874999 0.440073825 0.5717928765625 0.44364677500000005 0.5664581015625 0.440073825 0.557455671875 0.4369772671875 0.5591227875 0.438406446875 0.567458371875 0.43507169375 0.575127109375 0.43554808749999996 0.5824624234375 0.4334043171875 0.5867969265624999 0.4297122671875 0.582129 0.4279257921875 0.574126840625 0.4281639890625 0.5667915265625 0.42197087499999997 0.5634572921875 0.4236382515625 0.5714594515625 0.42292366093749995 0.580128459375 0.42840218593749996 0.58579665625 0.431736940625 0.5934653937500001 0.42744939843749996 0.60346809375 0.4264966109375 0.61113683125 0.42602021875 0.6258074578125 0.4279257921875 0.6341430421875 0.43006956250000006 0.641144934375 0.43459529999999996 0.6418117796875 0.4330525640625 0.6326884015625 0.43030775937500004 0.613137371875 0.43626267656250006 0.5974664734374999 0.44031202187499996 0.5977998984374999 0.44031202187499996 0.5927985484375
4 0.453569521875 0.469894990625 0.45990945468750005 0.461707934375 0.46294547656249996 0.4627078796875 0.46687445 0.46245789375 0.4683031671875 0.45745816406250006 0.45758778906249997 0.45770815000000004 0.45223009843749995 0.4642077984375 0.45167758750000003 0.47046527187500004 0.453569521875 0.469894990625
4 0.4427652125 0.44470885468750004 0.43282700781249994 0.4185625 0.428657359375 0.4222100734375 0.438836240625 0.4454588140625 0.4427652125 0.44470885468750004
4 0.520810340625 0.49745599843750005 0.514648996875 0.5049555921875 0.5183093578125 0.510955265625 0.5152733328125 0.5202047656250001 0.5156305125 0.524704521875 0.5190233515625 0.52520449375 0.5192019421875 0.5222046578125 0.5184875828125 0.5197047921875 0.522059375 0.51495505 0.5308106312499999 0.5062055234375 0.5383113953125 0.5072054703125 0.5374188125 0.5059555375 0.5395618890625 0.502455728125 0.5365258640625 0.50120579375 0.5367044546875 0.4967060375 0.5390261187500001 0.494456159375 0.5402762453125 0.491456321875 0.546526884375 0.49170630937500004 0.548134190625 0.49595607968750005 0.5518845734375 0.49995586249999996 0.5571529671875 0.499455890625 0.5604568750000001 0.491456321875 0.5629571296875 0.4862066078125 0.56510020625 0.4792069859375 0.5652787953125 0.47070744531250003 0.5676004609375 0.464707771875 0.5688505890625 0.45783314375 0.570815075 0.45370836875 0.576887121875 0.43820920625 0.5815751 0.43245951875 0.5856380140625 0.43020964062499994 0.5851022453125 0.42520990937500003 0.5799231453125 0.4267098296875 0.575279815625 0.4309596 0.5718866109375 0.43770923437500003 0.5709936640625 0.4424589765625 0.5676004609375 0.449708584375 0.5652787953125 0.446458759375 0.5613498234375001 0.446458759375 0.5647430265625 0.44045908437500003 0.563314309375 0.4364593015625 0.562242771875 0.43245951875 0.5604568750000001 0.43045962656250003 0.5579566203125 0.4312095859375 0.5579566203125 0.4364593015625 0.5608140546875 0.43870917968749995 0.5600996953124999 0.4439588953125 0.5531347 0.4439588953125 0.5506344453125 0.4494585984375 0.5499200875 0.454208340625 0.5581352093749999 0.4547083140625 0.5642072578125 0.45195846250000005 0.563850078125 0.4582081234375 0.5625999515625 0.46445778437499996 0.55992110625 0.47320731250000003 0.5584923890625 0.4807069046875 0.5561707250000001 0.486956565625 0.55367046875 0.4904563765625 0.5488485484375001 0.48645659375 0.5422407328125 0.48345675625 0.538133171875 0.486956565625 0.5347399671875 0.49020639062500004 0.5343831531250001 0.47045745937500005 0.5318832609374999 0.4734572984375 0.53045454375 0.483956728125 0.5302752265625 0.48970641875 0.53063240625 0.49595607968750005 0.5286679203125 0.502205740625 0.5223984374999999 0.5083624999999999 0.5211667921875 0.5049555921875 0.5259887109375 0.49420617343749995 0.521524334375 0.48995640468749996 0.520810340625 0.49745599843750005
4 0.5479869625 0.43210468437499994 0.5463796578125 0.4273549421875 0.5428078640625 0.42910484843749996 0.5438794015624999 0.4353545078125 0.536735815625 0.4416041703125 0.5345927421875001 0.44785383124999995 0.5381127234374999 0.4515625 0.5406647890625 0.445353965625 0.5562020875 0.4308547515625 0.5547733703125 0.4256050359375 0.5479869625 0.43210468437499994
4 0.5699534890625 0.3748545359375 0.5660245171875 0.3736046046875 0.5633456734375 0.388603790625 0.557095034375 0.3803542375 0.5542376 0.385353965625 0.5533450171875 0.37810435937500003 0.545844615625 0.37860433125 0.549594634375 0.3856039546875 0.5458442515625 0.39635337187499997 0.531735671875 0.40310300625 0.5333984375 0.40856250000000005 0.5492370921874999 0.40560287031250003 0.5501300390625 0.39735331875 0.566738875 0.3953534265625 0.5699534890625 0.3748545359375
4 0.52530644375 0.3926035734375 0.5308427234375 0.388603790625 0.53209285 0.38485399375 0.534414515625 0.3778543734375 0.5362004109375 0.3716047125 0.5397722046875 0.36660498124999996 0.544415534375 0.3643551046875 0.5481659171875 0.361355265625 0.5522734781249999 0.3651050640625 0.557988346875 0.3696048203125 0.5583455265625 0.3626052 0.5542379640624999 0.356855509375 0.549058865625 0.353855671875 0.5483445078125 0.3486059578125 0.5478087390625 0.33960644375000004 0.5533450171875 0.3291070140625 0.5544165546875 0.3221073921875 0.560042128125 0.315107771875 0.5578097578125 0.3101080421875 0.5503089921875 0.3193575421875 0.54923745625 0.3143578125 0.5435225875 0.3201075 0.5476301484375 0.32485724375 0.5420938703125 0.33685659375 0.54405835625 0.3403564046875 0.54102233125 0.348105984375 0.54405835625 0.35235575468749997 0.5429868171875001 0.35810544218749996 0.540665153125 0.3583554296875 0.53887925625 0.353855671875 0.5362004109375 0.35210576875 0.534414515625 0.355605578125 0.538164896875 0.3596053625 0.5363790015625 0.361855240625 0.5304855421875 0.366105009375 0.5304855421875 0.360105334375 0.528699646875 0.3531057140625 0.5276281078125 0.3491059296875 0.52637798125 0.342106309375 0.5226275984375001 0.3471060375 0.5267351609375 0.3571054953125 0.52637798125 0.36710495625 0.529949775 0.3718546984375 0.5272709296875 0.3828541015625 0.522984778125 0.3828541015625 0.51798426875 0.38960373593750003 0.5108406828125001 0.38460400781250004 0.5131623484375 0.3798542640625 0.5138767078125 0.3711047375 0.514412475 0.36360514374999997 0.5115550421874999 0.3563555375 0.50851901875 0.36360514374999997 0.5103049140625 0.373354615625 0.506733121875 0.38072921875 0.5047686359375 0.3918536140625 0.5126265796875 0.3918536140625 0.5201127234375 0.4025625 0.5256636234375 0.40160308593750005 0.5251278546875 0.39735331875 0.52530644375 0.3926035734375
4 0.49271354375 0.325754615625 0.49298142812499995 0.3152551859375 0.499053475 0.30850555156250004 0.5093837703124999 0.30794308125000003 0.50887590625 0.3020059046875 0.5017323203124999 0.30113095 0.5001250140625 0.290256540625 0.497088990625 0.2900065515625 0.4961960421875 0.3002559984375 0.4928028390625 0.309755484375 0.48887386718750003 0.300505984375 0.484409125 0.30700563125 0.48476630624999995 0.31400525468749996 0.4892310453125 0.3115053875 0.48690938125 0.3247546703125 0.48476630624999995 0.327504521875 0.4804801546875 0.32000492812500003 0.46619298281250005 0.3180050359375 0.476729771875 0.2965062 0.469943365625 0.285256809375 0.46619298281250005 0.28925659375 0.47155067187500005 0.297256159375 0.46190683125 0.3120053625 0.45351311875 0.3090055234375 0.45083427499999995 0.32000492812500003 0.45601337500000005 0.32225480625 0.4572635015625 0.31700509062500004 0.4601209359375 0.3215048484375 0.45011991562500003 0.333254209375 0.45279875937499997 0.33725399375 0.4631569578125 0.325754615625 0.474943875 0.32525464375 0.4804801546875 0.329004440625 0.48262322968750004 0.333254209375 0.48280181874999994 0.3392538859375 0.47762272031249997 0.3472534515625 0.476194003125 0.3530031421875 0.47982700781250004 0.3543625 0.48851668750000005 0.34412862187500004 0.489588225 0.34025383124999997 0.487802328125 0.3352541015625 0.49271354375 0.325754615625
4 0.42879484218749997 0.3150052 0.43909060312500003 0.317255078125 0.43995669218750005 0.3267545625 0.44218906406249997 0.3295044140625 0.44424284375 0.3267545625 0.444957203125 0.3147552125 0.44138540937500004 0.3087555375 0.44620732968750004 0.30275586250000003 0.4553154015625 0.2895065796875 0.45959039218750003 0.290256540625 0.46424488437500006 0.2917564578125 0.46388770468749996 0.2850068234375 0.4572798890625 0.2802570796875 0.4517436078125 0.2827569453125 0.4479932265625 0.2865067421875 0.44567156093750004 0.291506471875 0.4429927171875 0.2992560515625 0.43799220781250003 0.301755915625 0.43584913125 0.3060056859375 0.4279911875 0.3030058484375 0.4278125984375 0.29250641875 0.42406221562499996 0.28625675625 0.41906170625000005 0.28450685 0.41138235156249997 0.2745073921875 0.404238765625 0.281007040625 0.40781055781250003 0.2910064984375 0.41191812031249997 0.29500628125 0.40941786562500004 0.305005740625 0.4056674828125 0.3115053875 0.3978095390625 0.30275586250000003 0.389594415625 0.30000601250000003 0.375485834375 0.303505821875 0.3767359609375 0.3095054953125 0.390130184375 0.308005578125 0.39763095000000004 0.31175537656249996 0.401559921875 0.31925496875000003 0.40316722812499994 0.326254590625 0.40781055781250003 0.324504684375 0.40941786562500004 0.314255240625 0.410489403125 0.309255509375 0.416740040625 0.30275586250000003 0.42156195937499996 0.30450576875 0.418883115625 0.31325529375 0.4145969640625 0.31950495624999997 0.410132225 0.3260046046875 0.4053103046875 0.332004278125 0.3994168453125 0.329004440625 0.3906659546875 0.32850446875 0.3915589015625 0.33425415625 0.3990596671875 0.333754184375 0.400488384375 0.3370040078125 0.39477351562499996 0.3415037640625 0.39454129375 0.3557625 0.40834523593750005 0.351503221875 0.40977504375 0.3415037640625 0.4140611953125 0.332004278125 0.42879484218749997 0.3150052
4 0.5239136765625 0.6288046046875 0.5242708578124999 0.6215549953124999 0.5264139328125 0.621305009375 0.5308786734375001 0.619805090625 0.5310572625 0.6178052 0.5264139328125 0.6145553765625 0.524985215625 0.6118055234375 0.526056753125 0.6048059046875001 0.5285570078124999 0.6060558359375 0.5294499578125 0.6143053875 0.5319502109375 0.615305334375 0.5358791828125 0.6100556187499999 0.5417726421875 0.6030559984375 0.5412368734374999 0.597056321875 0.5340932875 0.6023060375 0.531771621875 0.59830625625 0.525520984375 0.5955564046874999 0.528199828125 0.588056809375 0.533378928125 0.57980725625 0.5378436703125 0.57980725625 0.53980815625 0.591306634375 0.5483797296875 0.59480644375 0.544093578125 0.58905675625 0.543557809375 0.58330706875 0.5421290921875 0.5773073921874999 0.544093578125 0.5733076078125 0.5487369078125 0.5668079625 0.5512371640625 0.5585584078125 0.5494149921875 0.5468637281250001 0.5465938328125 0.5503088546875 0.5457008859375 0.5603083140625 0.5432676015625 0.5670579484375 0.53909306875 0.57405756875 0.535699865625 0.57405756875 0.5392716578125001 0.5658080156249999 0.539450246875 0.5568085015625 0.538378709375 0.5498088812499999 0.5353426859375 0.5528087203125 0.5364142249999999 0.5665579734375 0.5335567906249999 0.5733076078125 0.529990578125 0.5750575140625 0.5259667296874999 0.5820571359375 0.523734359375 0.5773073921874999 0.5239129499999999 0.5663079875 0.5240915390625001 0.5575584625000001 0.5194482078125 0.556558515625 0.5169479546875 0.57705740625 0.5235557703125 0.585056971875 0.5201625671875 0.5993062 0.5201127234375 0.6317625 0.5206990640625 0.6335543453125 0.5233779078125 0.6353042515625 0.5239136765625 0.6288046046875
4 0.5746870890625 0.5678901765625 0.572305121875 0.5627221140625001 0.5725433171875001 0.5530528359375 0.572066925 0.547051215625 0.5727815140625 0.538382209375 0.5775454484375 0.532380590625 0.5777836453125 0.52637896875 0.575401678125 0.5218777546875 0.5730197109375 0.5273792375 0.5692085625 0.524378428125 0.565873809375 0.525712121875 0.561348071875 0.519377078125 0.5565841375 0.5210441953125 0.557536925 0.5277126625 0.561824465625 0.5280460859375 0.565397415625 0.5317137421875 0.5692085625 0.532047165625 0.5687321703125 0.54038275 0.5680175796875 0.54671779375 0.56611200625 0.5543865296875 0.5670647921875 0.56172184375 0.5677793828125 0.57172454375 0.57016135 0.5753922015625 0.5737343015625 0.580060128125 0.5787364328125 0.5867285953125 0.583976759375 0.5907296765625001 0.5887220671875 0.5929421859375 0.5882643015625 0.58472805625 0.5840958578125 0.58206066875 0.5777836453125 0.5740585078125 0.5746870890625 0.5678901765625
4 0.5969299015625 0.5773206875 0.5971109109375 0.5684525859375 0.6041702984375 0.559077734375 0.6057993890625 0.547675890625 0.60453231875 0.5415949062500001 0.597291921875 0.5535034999999999 0.5980159609375 0.54640901875 0.6014551499999999 0.539821284375 0.6074284765625 0.5327268046875 0.6092385765625 0.5228452046875 0.6052563578125 0.52157833125 0.5956628312500001 0.5347537984375 0.5953008109375 0.53120655625 0.5971112796875 0.5154973484375 0.59656825 0.50764274375 0.6005504687500001 0.501055009375 0.6003694578125 0.49548077343749997 0.5987403703124999 0.48813291875000003 0.597654309375 0.47799794375 0.6001884484375 0.46862309375000005 0.603446628125 0.45924824375 0.6079718749999999 0.45164701406249996 0.61376419375 0.44125866406250003 0.615891059375 0.4323905625 0.615642171875 0.4232690859375 0.604713696875 0.42960344531250005 0.6019985484375 0.44505927968750003 0.5980163296875001 0.45215376249999994 0.594215121875 0.4650758546875 0.5922240125 0.4777445703125 0.5866127046875 0.489149709375 0.5846215953125 0.4932036984375 0.580096346875 0.50004480625 0.5811824078125001 0.49269695 0.58480260625 0.48560246874999996 0.586250684375 0.47546749374999997 0.5808203875 0.4838288484375 0.5788292765625 0.4917467953125 0.5757521078125001 0.4961175046875 0.57104585 0.499949790625 0.56706363125 0.50536566875 0.5645294921875 0.5076460359375 0.558556165625 0.508406159375 0.5531258671875 0.50536566875 0.5498676890625 0.50941965625 0.5491436484375 0.518034384375 0.5499808203125001 0.5195546296875 0.5529448578125 0.527915984375 0.5547549578125001 0.5220883734374999 0.5549359671875 0.5170208875 0.5560220250000001 0.5124601484375 0.5604115171874999 0.5132202718750001 0.5647105031249999 0.515247265625 0.566888278125 0.5114466515625 0.570864840625 0.5104331546875 0.573761 0.5142337703125001 0.5800129125 0.5155006421875 0.5809108921874999 0.5114466515625 0.5833545250000001 0.5020718 0.58733674375 0.5015650515625001 0.5900518921875 0.5089129078125 0.5924050234375 0.516007390625 0.5916809828125 0.5233552453125 0.589327853125 0.5321530765625 0.589327853125 0.539824578125 0.58389755625 0.539824578125 0.5811824078125001 0.5461589359375 0.5904139125000001 0.5448920640625 0.5905949234375 0.5500862375 0.5918619921875 0.5595877765624999 0.5914999734374999 0.568962628125 0.58824179375 0.5761837953125 0.5898595703125 0.5904994453125 0.5981100875 0.59268735625 0.5989210093749999 0.5917630265625 0.5991020203125 0.5877090359375 0.5969299015625 0.5773206875
4 0.581776515625 0.455952921875 0.577775965625 0.4628451015625 0.5734676796875 0.46672195156249996 0.5676207234375 0.4688757578125 0.566402921875 0.47654670781249997 0.5780837 0.47361413125 0.5808533109375 0.4662911921875 0.5870080046874999 0.460260534375 0.5879312078125001 0.4460454140625 0.5848538609375 0.4494915046875 0.581776515625 0.455952921875
4 0.44884315937499997 0.42485691875000003 0.445985725 0.428356728125 0.44670008437500003 0.43135656562499997 0.4486645703125 0.43460639062500006 0.4500932875 0.43635629531250003 0.4522363625 0.4381062 0.45402225781250005 0.4403560796875 0.4568796921875 0.44335591562500004 0.46420186875 0.44685572812499996 0.47009532500000006 0.4443558625 0.46777366093749995 0.43885615937500005 0.46420186875 0.43535635 0.4599157171875 0.4311065796875 0.46241597187499994 0.42860671562499997 0.46759507187500005 0.41410749999999996 0.4625945609375 0.407857840625 0.45527238593749997 0.41535743125 0.4500932875 0.40660790625 0.4461643140625 0.4036080703125 0.4431282921875 0.39835835468749997 0.4397350890625 0.3938585984375 0.4397350890625 0.3881089078125 0.4368776546875 0.385921528125 0.430091246875 0.389483834375 0.4311627859375 0.39910831406249997 0.43026983750000003 0.4051079875 0.4254479171875 0.4063579203125 0.4227690734375 0.4123575953125 0.41330382187500003 0.41535743125 0.40062395781250004 0.4196072015625 0.40026677812499994 0.4218570796875 0.398659471875 0.42585686406249995 0.3938375515625 0.42860671562499997 0.391337296875 0.4373562421875 0.3911587078125 0.4373562421875 0.388658453125 0.43860617343749997 0.38490807031249996 0.44010609218749996 0.3813362765625 0.43660628125 0.379907559375 0.43335645781250004 0.3790146109375 0.426856809375 0.377764484375 0.42335700000000004 0.377050125 0.42135710781249996 0.370978078125 0.42285702656249996 0.37079948906250004 0.4266068234375 0.37294256406250004 0.4328564859375 0.377943075 0.4383561875 0.3790146109375 0.44385589062499997 0.376692946875 0.44460584843750006 0.370978078125 0.4423559703125 0.3695493609375 0.4383561875 0.3677634640625 0.4326064984375 0.3611556484375 0.43135656562499997 0.3606198796875 0.4343564046875 0.3610440296875 0.43685626875 0.36704910625 0.44510582187500003 0.3674955796875 0.4483556453125 0.37079948906250004 0.4538553484375 0.3749963453125 0.4561052265625 0.37865743281249997 0.45510527968750003 0.3811576875 0.4536053625 0.3847294796875 0.4523554296875 0.3911587078125 0.4501055515625 0.394551909375 0.450855509375 0.39223024375 0.458605090625 0.39240883437499996 0.4621049015625 0.3943733203125 0.46560471249999996 0.3958020375 0.46860454999999995 0.39740934375000003 0.470854428125 0.39740934375000003 0.47685410156249997 0.39562344843749997 0.48135385781249995 0.39223024375 0.4838537234375 0.38794409375 0.49010338437499995 0.3906229390625 0.49260325 0.395087678125 0.49135331875 0.40080254687499994 0.4849786625 0.40169549531250004 0.48010392656249995 0.401338315625 0.475354184375 0.3988380609375 0.4663546703125 0.39794511250000003 0.45935505 0.399195240625 0.448105659375 0.3990166515625 0.43885615937500005 0.403838571875 0.43685626875 0.40723177499999996 0.43310647187500007 0.4108035671875 0.425606878125 0.4147325390625 0.423856971875 0.42134035625 0.42035716250000005 0.42360342187500005 0.41460747343750004 0.42759099218749996 0.4123575953125 0.43384162968749995 0.41135764999999996 0.435806115625 0.4051079875 0.43419880937500005 0.40085821875 0.43366304062500005 0.3963584625 0.438306371875 0.39760839375 0.43741196562500007 0.40660790625 0.44294824374999997 0.4111076640625 0.4518270078125 0.4225625 0.45080764531249995 0.4236069859375 0.4500932875 0.424106959375 0.44884315937499997 0.42485691875000003
4 0.6194650187499999 0.40850490156249997 0.6216973890624999 0.41750441406250005 0.616518290625 0.4352534515625 0.6138394453125 0.4445029515625 0.6209830296875001 0.4477527765625 0.6283052062500001 0.4407531546875 0.6383564546875 0.4322536140625 0.6456284 0.4295037640625 0.6502717312499999 0.4322536140625 0.6520576265625 0.42575396562499995 0.647771475 0.41925431875 0.63777045625 0.4227541296875 0.631162640625 0.4272538859375 0.641699428125 0.41275467031249996 0.6438425046875 0.40850490156249997 0.6550936515625 0.40850490156249997 0.663308775 0.40325518593750004 0.6611656984375001 0.396005578125 0.6499145515625 0.397755484375 0.64812865625 0.4010053078125 0.6445568625 0.3957555921875 0.644735453125 0.3842562140625 0.6438425046875 0.3807564046875 0.638306225 0.3867560796875 0.6324127671875 0.3865060921875 0.6350916109375 0.39175580781249997 0.6370560984375 0.39250576875 0.640092121875 0.40275521249999996 0.6345558421875 0.40850490156249997 0.6313412296875 0.4182543734375 0.6288409749999999 0.40475510468750003 0.6208044421875 0.394255671875 0.62205456875 0.385256159375 0.6150895734375 0.38100639062499997 0.6199114921875 0.370256971875 0.6325913578125 0.3597575421875 0.6370560984375 0.34775819218750004 0.641699428125 0.33750874531249997 0.6379490453125001 0.331509071875 0.6325913578125 0.33675878593749997 0.6290195640625 0.3442583796875 0.6250905921875 0.34725821875 0.6163396999999999 0.3365088 0.624376234375 0.3272593015625 0.633127125 0.31413501250000003 0.6291981546875001 0.3015106953125 0.625447771875 0.3042605453125 0.6208044421875 0.29351112968750004 0.6222331578125 0.2825117234375 0.6138394453125 0.2762620640625 0.6088389359375 0.27701202187499996 0.610267653125 0.2822617375 0.6104462421875 0.2875114546875 0.6054457328125 0.28776144062500003 0.6006238109375001 0.2825117234375 0.5970520203125 0.2737621984375 0.6034812453125 0.2635105875 0.6058029109375 0.25076127812500004 0.5941945859375 0.2510112640625 0.586872409375 0.24701148125 0.5813361312499999 0.243261684375 0.5808003625 0.2510112640625 0.5838363859375 0.2580108859375 0.587408178125 0.26526049218750003 0.58651523125 0.2752599515625 0.595728546875 0.2902155484375 0.5942751078125 0.300898328125 0.6011789453125 0.3077658296875 0.6008155859375 0.29860916249999997 0.6064476640625001 0.294285178125 0.609717903125 0.30445925625000003 0.6151683015625 0.31132675781249997 0.620255340625 0.319720371875 0.6155316609375 0.327350928125 0.6108079828124999 0.33905111875 0.6102629421875 0.34515556406250003 0.6215271 0.35889056875 0.6113530234375 0.3703364046875 0.6093545421875 0.3611797359375 0.6037224640625001 0.35736445625 0.6017239859375 0.3634689015625 0.602814065625 0.3728799234375 0.595728546875 0.378475665625 0.594820146875 0.371862515625 0.599428571875 0.3634 0.595428571875 0.3524 0.598635425 0.3459186203125 0.5979087078124999 0.3365075984375 0.5940934265625 0.332183615625 0.5942751078125 0.34413815625 0.5906415078125 0.340322878125 0.5835559906250001 0.31895731562499996 0.585191109375 0.3042049046875 0.5924583078125 0.29479388125 0.5895514281249999 0.2874176765625 0.5783001078125001 0.30000860937499996 0.577407159375 0.30400839375 0.56972780625 0.30425837968749997 0.5674954343749999 0.302258490625 0.572763828125 0.29500888125 0.5816933093750001 0.29000915156249996 0.5854436921875 0.28000969375 0.579728825 0.2775098296875 0.5734781875 0.28325951875 0.569013446875 0.2865093421875 0.5602625546875 0.2940089359375 0.5568693515625001 0.291259084375 0.5493685875 0.28900920625 0.5441894875 0.293008990625 0.5345456468750001 0.30000860937499996 0.5312556921875 0.3037584078125 0.5282950093750001 0.2922590296875 0.5216871921874999 0.284009478125 0.5188297578125 0.2882592484375 0.5220443734375 0.2945089078125 0.5229373203125001 0.299008665625 0.523651678125 0.306258271875 0.5256161640625 0.3117579734375 0.5331169296875 0.3145078265625 0.5391889765625 0.3105080421875 0.5415106421875 0.3077581921875 0.54579679375 0.3037584078125 0.5493685875 0.301758515625 0.5538333265625 0.30125854375 0.5550834546875001 0.3020085015625 0.5557978125 0.3037584078125 0.554904865625 0.306258271875 0.5543690953125 0.3090081234375 0.5613340921875001 0.30875813750000003 0.5625842203125 0.30800817812500003 0.564370115625 0.3082581640625 0.5665131921875 0.311008015625 0.56454870625 0.317007690625 0.5609769124999999 0.32225740625 0.5577623 0.32800709375000003 0.5566907609375 0.33100693125 0.561155503125 0.33575667343750004 0.5625842203125 0.33800655156250003 0.5688348578125 0.33575667343750004 0.5656202421875001 0.32575721562500004 0.56972780625 0.323007365625 0.5720494703125001 0.321257459375 0.57240665 0.3167577046875 0.5711565234375 0.3135078796875 0.5729424187500001 0.3122579484375 0.57615703125 0.313757865625 0.5766928015625 0.322757378125 0.5788358765625 0.3272571359375 0.5813361312499999 0.333256809375 0.5834792078125 0.337756565625 0.5863366421875 0.3445062 0.587408178125 0.35000590468750004 0.5879439484375 0.351505821875 0.5920949484375 0.3583818640625 0.59383740625 0.3647551046875 0.59282166875 0.3665211265625 0.59191326875 0.366775478125 0.591368228125 0.3685559421875 0.5906415078125 0.37211686875 0.5895512546874999 0.37325464375 0.5877346296875 0.37059075625000004 0.584907925 0.36300520000000003 0.57615703125 0.356005578125 0.5674061406249999 0.356005578125 0.5659774234375 0.36450511875 0.574549725 0.3690048734375 0.5779429281249999 0.3677549421875 0.5802645937500001 0.3695048484375 0.5806217734375 0.377004440625 0.585265103125 0.381254209375 0.58758676875 0.3860039546875 0.5895512546874999 0.389003790625 0.58972984375 0.39725334375 0.58972984375 0.40050316874999997 0.5843721562499999 0.4000031953125 0.584729334375 0.407002815625 0.587408178125 0.41075261406249997 0.5895512546874999 0.41250251875000005 0.5929444578124999 0.41200254531249997 0.5952661234375001 0.40550289843750004 0.595623303125 0.404002978125 0.5970520203125 0.41225253124999994 0.5971127234375 0.41176250000000003 0.5963376609375 0.38625610625 0.6081427140625 0.38380115937500003 0.6137947968749999 0.3985054421875 0.6194650187499999 0.40850490156249997