4 0.35183169062499997 0.5850965671874999 0.350656328125 0.590614553125 0.3586093609375 0.591214328125 0.37018937812499997 0.5921551843749999 0.37735719687499997 0.5943844875 0.39050436718750003 0.5879680281249999 0.3987158609375 0.5839263671875 0.407106215625 0.5849869390625 0.413878971875 0.5849573078125 0.41973154843750005 0.5817059609374999 0.42156207500000004 0.5758546046874999 0.42802591874999996 0.5720188921875 0.43856062500000004 0.5771815796875 0.45127538749999996 0.5764517171875 0.43747796875 0.5893489421875 0.43157657968749996 0.586201903125 0.42340898281249995 0.59049455625 0.41340594218750004 0.5944911734375 0.4056284953125 0.5948953703125001 0.3962318109375 0.592160228125 0.388714459375 0.589972115625 0.38032738125 0.5930098046875 0.3840876921875 0.5961529921875 0.40423365 0.5991583890625 0.4124939546875 0.601515115625 0.42926483437499996 0.5913414734375 0.4401051734375 0.5962119765625 0.457223946875 0.5839480109374999 0.4642974203125 0.57747880625 0.4685373140625 0.57928465 0.47613917812500006 0.5778764859375001 0.4849131296875 0.5668520734375 0.49286288593750005 0.5633535859375 0.502126246875 0.5632866187500001 0.5046754875 0.5819424546875 0.50371796875 0.5866662703125 0.4968184375 0.5920903171874999 0.49267125468749995 0.5969338515625 0.495039996875 0.6084383234375 0.5046479734375 0.602182771875 0.5024141921874999 0.5955295406250001 0.5083090265625 0.5904800578125 0.5124205078124999 0.595631184375 0.5156068968749999 0.5914132046875 0.5239582671874999 0.5983701781249999 0.527889253125 0.5963699421875 0.5201475078125 0.5867794749999999 0.5242634109375001 0.5837968250000001 0.5260846031249999 0.5799318515625 0.53298740625 0.5786060671875 0.534120509375 0.57488621875 0.5262991671874999 0.5750394203125 0.5251156140625 0.5703117515625 0.5191329859375 0.5748592515625 0.5159498734375 0.5831754890624999 0.5111832296875 0.5783577359375001 0.509463096875 0.5583233671875 0.51872318125 0.5541581375 0.5264161140625 0.5573502218749999 0.5421043375 0.559343940625 0.544635559375 0.555459334375 0.52392059375 0.5512401640625 0.5316053359375 0.5441865906250001 0.528326240625 0.5417551921875 0.514045965625 0.5518914984375 0.5072293171875 0.5516701375 0.49220117031250005 0.5554904374999999 0.49346432656249994 0.5504744359375 0.5011507078124999 0.5454699953125 0.49887630468750005 0.542664034375 0.49245635625000006 0.5467507375 0.5002256140625 0.5361008875 0.5073511749999999 0.540128328125 0.5090532890625 0.5376222562499999 0.5019683500000001 0.5297475453125 0.5049775171875 0.5224764656249999 0.5006498328125 0.5201686359375 0.4936592375 0.520992434375 0.4984039328125 0.5256846937499999 0.492537596875 0.5390561984375 0.4877791421875 0.544484096875 0.48747842343750003 0.5509236734375 0.48245986875 0.5589438796875 0.47227960781249995 0.5598873953125 0.4701840671875 0.562183665625 0.46372349843749994 0.570117640625 0.44952282343750005 0.570510275 0.44174701250000004 0.5729635984375 0.43527661406249996 0.5686027859375 0.43990829531250003 0.568569303125 0.44431721875 0.5631825921875 0.4472418703125 0.559507790625 0.4467151203125 0.5564958796874999 0.445793303125 0.551225034375 0.4495503390625 0.55026995625 0.45373814531249995 0.5415791546875 0.45775364375 0.535982640625 0.4546062375 0.5343042203125 0.4502395734375 0.5378927921875001 0.44670692812499996 0.5462502234375 0.440371496875 0.54674065 0.439849659375 0.54987613125 0.4409048015625 0.5579490859375 0.43675925156249995 0.56484175 0.43186583437500004 0.565418409375 0.4364048078125 0.558735546875 0.4385832265625 0.55079386875 0.43539028750000003 0.5468153234375001 0.432029953125 0.552078465625 0.4273658421875 0.5662048734375 0.41928767499999997 0.5730486421875 0.41094776718750003 0.5804355875 0.4020323 0.578412234375 0.3982231765625 0.5688706625 0.40411473593749997 0.559722915625 0.40926497812499996 0.5524556890625 0.4159922 0.5501259328125 0.4160328203125 0.5462786625 0.409130015625 0.547604446875 0.39633647031249997 0.5591025421875 0.39250065156249997 0.5708258546875 0.39578465937499996 0.5794046453125 0.3814165921875 0.5890389671875 0.3728929109375 0.5851762875000001 0.3563997609375 0.5843712812499999 0.35183169062499997 0.5850965671874999
4 0.3656674390625 0.6213728578125 0.36720051875 0.6260593390625 0.3749357125 0.6274532828125 0.3840251265625 0.6284314734375 0.399316646875 0.62611713125 0.40718025 0.624165790625 0.41687601562500004 0.6184122249999999 0.425529746875 0.6209787515625 0.4324813625 0.626051353125 0.44143745 0.6242274359375 0.4501334375 0.6249958234374999 0.44549684375 0.6188819171875 0.4378510828125 0.6200390875 0.42913314687500004 0.6191452046875 0.4235593421875 0.6158314765624999 0.427708165625 0.613037075 0.43548561250000006 0.612632878125 0.4429102578125 0.6081716140625 0.4519118796875 0.6086478203125 0.4530888796875 0.6051789671875001 0.442993134375 0.6025262046875001 0.438059096875 0.606950134375 0.43342741562500003 0.60698361875 0.42692834843750005 0.6077494953125 0.42167836718749996 0.6132353187499999 0.41726452968750005 0.612474634375 0.4159948203125 0.6092941109375001 0.41075187187499995 0.6099119609375 0.41184763437500005 0.6141376453125 0.39651713125 0.6223483859375001 0.37551583593750004 0.6218714000000001 0.3656674390625 0.6213728578125
4 0.54773671875 0.5652029140625 0.54819870625 0.5693738359375 0.5498064484375 0.5724494234375 0.54239225625 0.5801413375 0.54214308125 0.58220535625 0.5486010125 0.5808501374999999 0.55442729375 0.5744016890625 0.552714678125 0.5630797984375 0.54773671875 0.5652029140625
4 0.5707239734375 0.592647328125 0.5969715875 0.6005009484375 0.6000269609375 0.595656696875 0.5707861109375 0.58841464375 0.5707239734375 0.592647328125
4 0.4946812125 0.5050002171875 0.5008707484375 0.5021581375 0.5074881312499999 0.5017624421875 0.5134825234375 0.5008631953125 0.524225853125 0.49806066250000003 0.5269099109375001 0.49505588749999996 0.506141225 0.49711962187500003 0.5089227203125 0.49314266093750003 0.5118346328125 0.48838208749999995 0.5074721656250001 0.481789890625 0.5023905625 0.47720305625000004 0.5055986796874999 0.474136134375 0.5117223921875 0.47091768749999996 0.519320971875 0.4684857453125 0.5279994875 0.46458210624999996 0.5343206671875 0.46249276093749997 0.54080640625 0.461344334375 0.539042703125 0.468082278125 0.54108075 0.47667695312499997 0.5459282890625 0.47533745156249996 0.5512329031250001 0.4720234671875 0.5499493625 0.464684315625 0.5553210296875 0.46328305 0.558206171875 0.466016040625 0.56370948125 0.46536750937500004 0.5640349125 0.4626402921875 0.5616093 0.46100552031250003 0.5572188312499999 0.4603705359375 0.55276254375 0.45935918906250006 0.5470983609375 0.463675853125 0.5463743125 0.4595358171875 0.542539653125 0.4574909046875 0.5495141484375 0.45301982812499997 0.554328778125 0.45149214375 0.5607791468750001 0.44708283125000003 0.5643785140625 0.441665059375 0.5649964609375 0.4360224453125 0.5596564796875 0.43607554375 0.55804665 0.44063465781250005 0.5528831375000001 0.446284771875 0.5377542515625 0.4545977234375 0.533792246875 0.4571773015625 0.5268159078125 0.45934385312500003 0.52095425625 0.462531415625 0.5120770484375 0.4637696046875 0.5051342328125 0.466892515625 0.5000916828124999 0.4701756140625 0.49231454374999994 0.47464524687500004 0.492761303125 0.48025842343749997 0.49764543906250003 0.483716159375 0.5023967015624999 0.48488480625 0.5038106625000001 0.491440346875 0.5008962921875 0.4931282203125 0.49896557656249996 0.495852546875 0.494281365625 0.496596615625 0.492411559375 0.49355190625 0.48913762031249997 0.49624246406249994 0.487662821875 0.49545634375000003 0.4900933453125 0.50323651875 0.4825338828125 0.513538778125 0.4782129234375 0.5178892125 0.47546065468750004 0.5174453031249999 0.4723488171875 0.5180040765625 0.47349818906249996 0.5215174140625 0.47828113437499997 0.521337896875 0.487417953125 0.5169961265625 0.49438199843749997 0.5201119421875 0.501108428125 0.5126931390625 0.508838725 0.5110143140625001 0.5035609453125 0.5068351125 0.49318086875 0.5132440109374999 0.48938241250000003 0.5123670812500001 0.4946812125 0.5050002171875
4 0.550566815625 0.4920426671875 0.5567234390625 0.4890124046875 0.5619585484375 0.48071300624999996 0.568707575 0.48107004375000006 0.5698837859375 0.47709019531249997 0.5646084 0.4759833140625 0.570171390625 0.468029396875 0.564404790625 0.4671724609375 0.5520684546875 0.48533560624999994 0.546030315625 0.48879174843750006 0.550566815625 0.4920426671875
4 0.5980059062499999 0.4895248546875 0.6024815984375 0.4738245375 0.6130591437499999 0.4685447390625 0.6210879640625 0.47163149843749996 0.6202298796875 0.4636664125 0.6124655812500001 0.4636214703125 0.6171802468750001 0.45999288437499997 0.6073802921875 0.454425584375 0.6226103671875001 0.4497498859375 0.62057600625 0.4457642625 0.5996792921874999 0.4516839265625 0.6006435421874999 0.46943204843749997 0.5921600421875 0.47139208593750004 0.5919762625 0.4884472140625 0.5980059062499999 0.4895248546875
4 0.614768325 0.516550846875 0.6260680765625 0.5131065593749999 0.6331406921875 0.5084318578125 0.643690240625 0.5091092749999999 0.65073055625 0.5050145671874999 0.6426041671875 0.5028992234375 0.634841028125 0.5043902484375 0.6258004890625 0.5062238671875 0.6212491499999999 0.50925701875 0.61469145 0.5023473296875001 0.62084561875 0.49624436562499996 0.6200557453125 0.4917279625 0.631092821875 0.48754638281249996 0.6367302328125 0.49072328593750003 0.6471469078125 0.48911161875 0.6583863671875 0.4922045421875 0.662936475 0.48763503906250005 0.65536835 0.48718246406250004 0.6509778828125 0.48654748124999997 0.6433110234375 0.4855303578125 0.637021521875 0.48627153749999996 0.6403905109375 0.4795364796875 0.642419959375 0.47737670468750004 0.647304096875 0.48083443593749997 0.65064385625 0.47852024843749996 0.6483157515625 0.47591367343749996 0.6432695125000001 0.474587721875 0.6431037296875 0.4721104546875 0.648933696875 0.4702710578125 0.65394825 0.472945175 0.6615126921875001 0.4687887 0.6655435890625 0.47042636250000003 0.6771023359375 0.4631103171875 0.68283848125 0.46685177031249997 0.6878127546874999 0.4601196015625 0.6823740390624999 0.4596081515625 0.690688071875 0.4505617953125 0.6850354328125 0.44882714999999995 0.6787343921875 0.45561963906249997 0.6715941125 0.4576134484375 0.6616077421875 0.4647441984375 0.652074759375 0.46529141718749994 0.64643980625 0.465187215625 0.642340628125 0.4601004859375 0.63555623125 0.4564825609375 0.6282843078125 0.4577236375 0.63405459375 0.46318962499999994 0.6387424890625 0.46705460781249997 0.6362888796874999 0.4713770484375 0.6347860109375 0.476547759375 0.6302029874999999 0.4809290796875 0.6239805390625001 0.483582975 0.6170706406249999 0.48689406875 0.6133700859375 0.4886745890625 0.6101973359375 0.49500239687500003 0.605251059375 0.4957773484375 0.600697265625 0.49573779843750004 0.6007144531249999 0.5017054171875001 0.613320228125 0.508270775 0.614768325 0.516550846875
4 0.6607613890625 0.5418610546875 0.6665255359375 0.539645290625 0.673957103125 0.5331997328125 0.6802795140625 0.532646734375 0.6851295109375 0.534379934375 0.6900806968750001 0.539750384375 0.6917287203125 0.552232259375 0.6815827031249999 0.5645674921875 0.6862693734375 0.566896125 0.696743271875 0.5549063765625 0.701986978125 0.5573614265625 0.69671404375 0.5593272421875 0.7000270343749999 0.5645066203125 0.7110641109375 0.560325040625 0.70637253125 0.5518510078125 0.7200570015625 0.5398670359375 0.7294303390625 0.5445243 0.7329321984375 0.540078328125 0.7198887625 0.5343170671874999 0.6992931625 0.5480757828125 0.69456375625 0.533268165625 0.6859120140625 0.5296782375 0.6883997640625 0.527080328125 0.701861225 0.5229971734375 0.7000633828125 0.528010584375 0.7074669546875 0.5275222421875 0.71345779375 0.5220147109375 0.703037434375 0.519017328125 0.7123704921875 0.5142683078125 0.7229504953125 0.512061209375 0.7221289390625001 0.508892971875 0.710433021875 0.5085427109375 0.70819935 0.501123459375 0.7018817765625001 0.5013217703125 0.70319585 0.5122764937500001 0.6972391499999999 0.5195085578125 0.686281896875 0.5210878953125 0.6772285874999999 0.527436475 0.6716582234375 0.526172290625 0.6677937234375 0.52778006875 0.6586668578125 0.538200815625 0.6607613890625 0.5418610546875
4 0.6878208 0.6262348515625 0.6914847609375 0.6196570953125 0.6951548640625 0.6207610921875 0.696013015625 0.6287265625 0.7022050046875 0.6289571828125 0.7000682281249999 0.619797959375 0.6958374046875 0.61395849375 0.701238296875 0.6081363609375 0.7072291359375 0.60262883125 0.7129908265625 0.597340365625 0.7216693390625 0.593436728125 0.7243923828125001 0.598301503125 0.71873065625 0.6056908703125 0.7136868749999999 0.6074376171875 0.70323851875 0.6103974515624999 0.702259775 0.6155063968750001 0.7098937265624999 0.616335340625 0.7184796437500001 0.6195489015625 0.7237928578124999 0.6269893718749999 0.724688834375 0.6412884265625001 0.7312087093749999 0.64186453125 0.7322775890625 0.6265656828124999 0.72788098125 0.6182489515625 0.7172607015625 0.6110497640625 0.723383184375 0.6062949671875 0.7334049234375 0.6024251015625001 0.7383548828125 0.6062592 0.7494956046875 0.608787571875 0.7549927750000001 0.6004572875 0.7430950921874999 0.5936007 0.7403391375 0.5885477390625 0.7330964390625 0.5853679484375001 0.7220569078125 0.5864768296875 0.7174640609375 0.578567346875 0.7215241859375 0.5757841421875 0.7232232921875 0.57020618125 0.7308535578125 0.5664260718749999 0.735666959375 0.5633620390625 0.73890675625 0.5589469499999999 0.7405071328124999 0.5528044359375001 0.734310225 0.546428415625 0.72716871875 0.546885875 0.7295988453125 0.5516051109375 0.7311728468750001 0.55601710625 0.7189620171875 0.567251234375 0.7135611234375 0.5730733671875 0.7066134 0.5700508765625 0.69416605 0.5722859687499999 0.6916618421875 0.574789784375 0.694955921875 0.576802371875 0.7050738984375 0.576541453125 0.709329809375 0.5871123593750001 0.69422475 0.604737503125 0.6850562499999999 0.610427440625 0.6748372453125 0.6131693578124999 0.6729160703125 0.628241021875 0.6878208 0.6262348515625
4 0.408769825 0.5206221453125 0.41837354062500004 0.5265966953125 0.4394019 0.5214297640625001 0.43749795625 0.516660525 0.428358684375 0.51792959375 0.41686084843750004 0.51947660625 0.41147027031250005 0.5177110796875 0.4180664875 0.5126063609375 0.419243725 0.5086323968750001 0.42579282812499997 0.504787634375 0.44040372968749997 0.5042182000000001 0.44298898593749997 0.5006484906249999 0.43545377187499995 0.5003841015625 0.426052434375 0.5016840515625 0.4180626015625 0.506466840625 0.41743728750000003 0.5028913546875 0.42400573125 0.497627859375 0.4306329984375 0.49423003281250005 0.44095094062499995 0.49205381875 0.4440425921875 0.48865550625000004 0.4314471859375 0.48818016875000003 0.42325988593749997 0.49183385937499996 0.4173019578125 0.497529571875 0.41347098437499996 0.500093709375 0.40691819375 0.4993294203125 0.400792025 0.49947516875 0.39397471875 0.4956690609375 0.3992232 0.5042687453125 0.4116400984375 0.50491816875 0.4124628796875 0.5096227546875001 0.40476924687500004 0.5160992 0.3974010453125 0.5198484234375 0.3933664609375 0.5136017109375 0.3887456171875 0.5116494453125 0.392932475 0.503473575 0.38654424375 0.5036502031250001 0.38029256875 0.5107249656249999 0.37551330781250003 0.5155135343749999 0.377022315625 0.5180245718750001 0.3858349296875 0.51794636875 0.38760600156249997 0.520426525 0.380465721875 0.522420334375 0.3773197421875 0.521254575 0.3730572390625 0.5167632765625 0.37099365156249997 0.5171985203125 0.370244059375 0.5220884 0.37037693437499997 0.5243774859375 0.36284294375 0.5256494421875 0.3561280578125 0.5270169375 0.3584561640625 0.5296235125 0.360442621875 0.5300199921875001 0.394457584375 0.52595793125 0.408769825 0.5206221453125
4 0.3916884375 0.45765613125 0.39684850625 0.4626836890625 0.404760921875 0.4671307359375 0.4103127765625 0.4703189671875 0.41459656562499997 0.47237580156250003 0.42521414843749994 0.4718930796875 0.43307938906250004 0.47199087031250003 0.44076740625 0.4690355609375 0.4472767875 0.46749997343749994 0.455927240625 0.465968240625 0.45697910625000004 0.46994293125000003 0.461482371875 0.47325473125000006 0.46262203125 0.477731409375 0.46978821093749995 0.47791158125 0.47065794375000003 0.4726857765625 0.4631828515625 0.46869952656249997 0.463966428125 0.465020871875 0.460118325 0.4613756984375 0.4654466046875 0.4581861359375 0.46028899218749997 0.45623227499999996 0.4540413515625 0.4572246875 0.4486277328125 0.4629859609375 0.4396716453125 0.4648098765625 0.43329231718749994 0.46504931093749996 0.42319984687499995 0.46649481249999997 0.41734317499999996 0.4646233296875 0.41030622499999997 0.46212244062499996 0.4007542671875 0.4564596953125 0.39718984687500003 0.45239684531249996 0.3884945640625 0.45292923281249997 0.3916884375 0.45765613125
4 0.40615099531250004 0.45136503125000005 0.4131205609375 0.4470397453125 0.4228815640625 0.4455001421875 0.4330755875 0.44566149062499993 0.4385540328125 0.4452105546875 0.4389271859375 0.45509448125 0.445067175 0.45145095 0.44406645625 0.4457289390625 0.45210853906250004 0.444781228125 0.460897715625 0.44121483437500003 0.468467090625 0.43954416875 0.476337928125 0.44114728124999997 0.48454109218749997 0.44310055937500004 0.48474372656250003 0.447359303125 0.47536633437500003 0.451092346875 0.4712819921875 0.4525393796875 0.47376219218750004 0.45897064218750006 0.478280121875 0.46155286718750005 0.477950484375 0.46586825468750004 0.47436760624999996 0.468632534375 0.4772847546875 0.47291205312500006 0.47889051406250005 0.4774434453125 0.47430960312500003 0.4791512640625 0.46903068281250004 0.479968015625 0.46325513437500004 0.48259527812499997 0.472566621875 0.48468561093750007 0.4743145828125 0.48537995 0.48321202812499997 0.48355278124999995 0.48686141875000005 0.4796187578125 0.48267333125 0.4742723546875 0.48236938125 0.4678842375 0.48429290312499995 0.46493225625 0.489236540625 0.46006705625000005 0.49238666093749994 0.4546345484375 0.496401428125 0.45085213281250003 0.5043349328125 0.44777590468749995 0.5120994750000001 0.441020959375 0.501741775 0.4437988703125 0.4949717296875 0.4484899734375 0.48746906875 0.4505421046875 0.49380671249999997 0.44492863125 0.497689603125 0.44232974687500004 0.5086116078125 0.43500804843749996 0.5215253734374999 0.43134492656249995 0.5343711812499999 0.42574316718749994 0.5410745125 0.42067059531249995 0.5567766015625 0.4159002296875 0.561403003125 0.40360215312500003 0.551795034375 0.40446672968749997 0.54289049375 0.407803384375 0.53306775625 0.41519020781249993 0.5259332703124999 0.42089758125000004 0.5167059875 0.4254889265625 0.5073452734375 0.429317334375 0.496520571875 0.42942497187499995 0.4885175515625 0.428616096875 0.4826406859375 0.429113984375 0.47646858437499995 0.43412395468750004 0.46813448125 0.434522084375 0.45200005781249997 0.438370471875 0.448214746875 0.4384272171875 0.460258734375 0.426690675 0.4581968015625 0.4226510390625 0.44817143125000003 0.42577911406249996 0.44183503437500005 0.43294975625000004 0.43556286093749996 0.43738752343750004 0.428259096875 0.4390268875 0.4394086609375 0.42992639062500004 0.4328004234375 0.42934247656249996 0.4211480140625 0.43246762656250004 0.41262123281249996 0.4410643796875 0.4033581 0.44235064687500003 0.392067640625 0.441345184375 0.387851175 0.44203673437499996 0.387031634375 0.443005409375 0.390845678125 0.45142885625 0.40615099531250004 0.45136503125000005
4 0.5155474140625 0.44939771562499997 0.5146257640624999 0.462068265625 0.522442846875 0.45983740156249997 0.5236231921875001 0.453410271875 0.5268933687499999 0.44839161406250005 0.533381246875 0.44332471875 0.539587684375 0.43928383593750003 0.542633134375 0.43561545625000003 0.5279014656250001 0.43834434062499994 0.522713703125 0.44557467187500005 0.5155474140625 0.44939771562499997
4 0.6117141015625001 0.5893486078125 0.6209835234375001 0.5872943859374999 0.623149528125 0.59203274375 0.618333671875 0.5920240765625 0.6135824078125001 0.590855428125 0.607392871875 0.593697509375 0.60749651875 0.6004074578124999 0.6058728046875 0.604887184375 0.6002624187500001 0.6079821187500001 0.5978112624999999 0.6153772625 0.596700875 0.619733475 0.5894972296875001 0.6244236187500001 0.5861916078125 0.628462340625 0.5849837140624999 0.6337903546875 0.5752544921875 0.6347448234375 0.5636920640625 0.6374518171875 0.5561897609375 0.6373756078125 0.546294753125 0.635852809375 0.5412497468749999 0.6360632093749999 0.5363040859375 0.6376063328125 0.5306746546875 0.6444157078125 0.5301871265625 0.6492747046875 0.5333014203124999 0.65178863125 0.539063109375 0.64650016875 0.5410584187499999 0.6426158578125001 0.5454464296875 0.6401781390625 0.5517359265625 0.6394369609375 0.5543906890625 0.6408526703125 0.5577987296875 0.6419875484374999 0.561829628125 0.6436252109375 0.5655314125 0.6433810390625 0.5732275 0.6399772984375 0.5746390015625 0.6434601375 0.5734652484375 0.6505126828125001 0.5728131624999999 0.654430765625 0.5717015484375 0.6572506265625 0.571327978125 0.66123191875 0.57445995625 0.6653762890625 0.5808341890625 0.66817826875 0.5843232765625 0.6682472546875 0.5940779828125 0.6735558015625001 0.5967767703125 0.6736939125 0.5998227843749999 0.672758771875 0.597294753125 0.665950396875 0.5909382046875 0.6647788593749999 0.5864819171875 0.6637675109375001 0.5830701921875 0.6580235812499999 0.5834285328125 0.6554845515625 0.5893913734375 0.6559342359375 0.5960782625000001 0.6605239593750001 0.603024759375 0.6620100984375 0.6069227859375 0.661358678125 0.607376175 0.6547751468749999 0.6051480296875 0.654269471875 0.6012487765625 0.65338454375 0.5942705968750001 0.65324656875 0.5906004953124999 0.6521425734374999 0.586273396875 0.6488112593750001 0.5871546328125 0.6446741109375 0.5880041859375 0.64188513125 0.5879712734375 0.641696946875 0.5966826984375 0.63798149375 0.5986767828125 0.6325608328125 0.6025735796875 0.6303730625 0.60486631875 0.6297187531249999 0.606984675 0.6158327265625 0.6083851250000001 0.6054884125 0.614180953125 0.60192448125 0.614602659375 0.5966891171875 0.6207276 0.59500701875 0.631014471875 0.5949471453124999 0.63349823125 0.5873560984374999 0.6306786046874999 0.5846153843749999 0.624651165625 0.5853256796874999 0.6193087296875001 0.5823060796874999 0.6132459265625 0.57975549375 0.609377128125 0.5759860453125001 0.5992505171875 0.5716096125 0.605763025 0.5629676171875 0.5982899484375 0.558470540625 0.5840447546875 0.5657190453125 0.5818848890625 0.5686624390625 0.5766399578125 0.5646710359375 0.5723128578125001 0.561339721875 0.5661196359375 0.5595727515625 0.5645850859375 0.5660916296875 0.5696033265625 0.573374796875 0.573274653125 0.5760151437500001 0.5759623296874999 0.5776190359375 0.5781917 0.579661059375 0.5802894296875001 0.58095035 0.584058265625 0.5826188953125 0.587334659375 0.583001040625 0.590476953125 0.5795577484375001 0.591032759375 0.57814781875 0.591425240625 0.5773333203125001 0.592332328125 0.5761301640625 0.605976725 0.5840708046875001 0.6117141015625001 0.5893486078125
4 0.5763776046875 0.42183001875 0.5852889546875 0.42231636562499997 0.5837824015625 0.42287802812499997 0.5773966265625 0.426127359375 0.5774978203125001 0.429764609375 0.579727190625 0.4318066328125 0.5841517984375 0.4341661453125 0.5915553640625 0.433677803125 0.590043903125 0.428094065625 0.5934507140624999 0.4276925921875 0.6021316859375 0.42686165625 0.6056384578125 0.42856108437499996 0.6110454921875 0.4304207015625 0.6163562484375 0.43478846875 0.624283940625 0.43423836250000003 0.6265462234375 0.43646857031249997 0.625861228125 0.4401984671875 0.63215809375 0.44867539062499995 0.6408049250000001 0.44611991875 0.639192271875 0.43689893125 0.63024186875 0.42854264999999997 0.6217689625 0.42650118593749997 0.618641615625 0.4249160609375 0.6196334375 0.42362668125 0.62323245625 0.42242101875 0.624998484375 0.421626746875 0.62509771875 0.420638125 0.6267618671874999 0.419349653125 0.6337640828125 0.42039838749999997 0.6417372484375 0.42392293593749997 0.6434083562499999 0.4243021921875 0.6493712 0.4247518796875 0.6569734640625 0.4269289875 0.662085521875 0.4286313046875 0.6688357796875 0.43052469374999996 0.673947840625 0.43222701093750004 0.6834808203125 0.43167979375 0.6856455984375 0.4348818 0.6846643984375 0.43691804687499997 0.6810272078125 0.4360022359375 0.6763759078125 0.4369344875 0.6749693171875 0.439597046875 0.6728435921875 0.444264975 0.6617686921875 0.442112971875 0.6605620265625001 0.44897733593750005 0.6631838796875 0.45020486093749995 0.668985846875 0.45432268125 0.671933128125 0.4528229875 0.6773681593750001 0.44872539062500005 0.6822132437499999 0.44431319062499997 0.688140715625 0.44150199375000004 0.6914183390625 0.4434204859375 0.692009515625 0.4452714390625 0.6914537046875 0.4466813703125 0.6924751859375 0.454051409375 0.6952591375 0.45314714843750004 0.69771520625 0.45189741093749997 0.6996812890624999 0.45243396406249997 0.7006978546875 0.45365860312499995 0.7009965125 0.45842495312500003 0.6995582390624999 0.4624356828125 0.6961551109374999 0.4674462046875 0.6937002734375 0.470232296875 0.690626259375 0.477124653125 0.6948912234375 0.484688653125 0.70101861875 0.48607925781250005 0.7087500734375001 0.48593640000000005 0.7136317531249999 0.48632142968750003 0.720775715625 0.488936671875 0.724704196875 0.48540073437500003 0.7148384203125 0.47945706875000005 0.702237940625 0.47775793125000005 0.7055625890624999 0.47382800312500006 0.7111231234375001 0.4628013875 0.7143616953125 0.45684994687499997 0.710620859375 0.44922418437499995 0.70711285625 0.44598840624999997 0.713362075 0.43584094218749997 0.7159461046875 0.4307348859375 0.72082164375 0.4234381671875 0.7171478578125 0.41772512187500005 0.7073564984375 0.42291227343750004 0.703760815625 0.43293909375000006 0.6971318890625 0.43938609843750004 0.6946239984375 0.43728086250000003 0.693470875 0.4291580921875 0.6974993171875 0.4277230578125 0.708625028125 0.41431187343750003 0.7003568125 0.4121600671875 0.6918304109375 0.420980265625 0.6766666890625 0.424525684375 0.65296328125 0.4196989609375 0.648294084375 0.4163414921875 0.6608595859374999 0.41505611093750006 0.65562363125 0.41157004218750004 0.6456240734375001 0.411966890625 0.639420575 0.416146703125 0.627152065625 0.4132907265625 0.6191300171874999 0.41919214374999997 0.61203000625 0.4190519109375 0.6165903078125 0.4108944796875 0.6266568265625 0.4108805140625 0.6326878687499999 0.40802055625 0.6276503796874999 0.402557246875 0.6176830953125 0.40158259375 0.6278069140625 0.3894479859375 0.64428121875 0.399620478125 0.65058010625 0.3982920375 0.6619749890625 0.3918692015625 0.6691036484375 0.3859491140625 0.678840190625 0.3902725109375 0.6870438609375 0.3951673171875 0.6983120671874999 0.39735636093750004 0.6948171109375 0.403825165625 0.68515115625 0.4045734703125 0.6936226750000001 0.41099979375 0.7045536546875 0.408148559375 0.721929575 0.4160092515625 0.7322475171875 0.4138330375 0.7405055515625001 0.416701115625 0.7484027921874999 0.41903552499999996 0.756427990625 0.41751361718749996 0.751476803125 0.41214316718750005 0.7459344421874999 0.404921765625 0.7440572703125 0.39265895781250004 0.7311199328125 0.3966803484375 0.7215579109375 0.4047214015625 0.7117275015625 0.40203861874999997 0.705335584375 0.397606196875 0.7046761296875 0.3923061796875 0.7102123515625001 0.391845828125 0.715978953125 0.3927027640625 0.7158436218750001 0.38734098125 0.7077452328125 0.37926842031249997 0.696477775 0.382132715625 0.6843533984375 0.37856789218750003 0.686544946875 0.3742763328125 0.6725867453125 0.3716958609375 0.6604411234375 0.382538178125 0.652225821875 0.3921490875 0.6393444859375 0.3842560421875 0.6417651875 0.3797454171875 0.6489688328125001 0.375055275 0.6534848015625 0.3687612390625 0.64650416875 0.365550565625 0.6366153015625 0.371709515625 0.624859090625 0.3778964625 0.616189171875 0.3925545515625 0.6058090953125 0.39896345 0.6000704906250001 0.392149296875 0.5908666234375 0.39457835 0.57837899375 0.3874071578125 0.5637668640625 0.38644024374999997 0.57339489375 0.38184852343750003 0.5784020796875 0.375304540625 0.5897061296875 0.37723747812499997 0.5908543421875 0.37921484843750003 0.5968513234375 0.38138906875 0.5955031859375 0.375209896875 0.6007724343749999 0.36863503125 0.5969390046874999 0.36812646875 0.58491704375 0.36973524375 0.57875550625 0.3666201078125 0.5818332046875 0.3643368 0.5815942296875 0.35226506562500004 0.5735994828125001 0.35090245468750003 0.5696100937499999 0.36020742656250004 0.5716835046875001 0.3720629828125 0.5676233828125 0.3748461875 0.5543655281250001 0.38774019375 0.5578649328124999 0.38022152187499997 0.5596907734375 0.36925089375 0.5520872796875 0.365537434375 0.545602771875 0.3682222140625 0.54934115 0.3727752765625 0.547798571875 0.380777578125 0.540740740625 0.3924187828125 0.5347523562500001 0.4009990140625 0.5394756187499999 0.40812488125 0.548678259375 0.40415947812499997 0.5663302609375 0.39650950156250003 0.5761759015625 0.39775002656249997 0.5877033328125 0.402489553125 0.60415951875 0.40662874843749997 0.6037614703124999 0.41937124375 0.5768801234375001 0.4217055171875 0.5763776046875 0.42183001875