4 0.4437006734375 0.5846201578125 0.44004083125 0.5763178328125 0.4458793765625 0.5658781 0.451223928125 0.555855703125 0.4644654765625 0.547137728125 0.4691004046875 0.5422725296875 0.464541934375 0.5402365984374999 0.45701608125000004 0.5446955499999999 0.45118097031250004 0.5511444 0.45085622187499996 0.5461014484375 0.45697312187500005 0.5399842453125 0.46522492968750007 0.5387100703125001 0.4682584671875 0.5372867 0.4675823390625 0.5308314640625 0.4752739984375 0.52490310625 0.47805237656250005 0.5195174171875 0.475798053125 0.5168642203125 0.470950925 0.5224784015624999 0.4630470640625 0.52915574375 0.4627850359375 0.5331751859375 0.4573545640625 0.5337749765625001 0.45425143593749995 0.5341177140625 0.45112168124999996 0.5380911234375 0.4465563421875 0.544036953125 0.44737508437500006 0.5486625734375 0.4418320640625 0.543470428125 0.44285010937499997 0.5350142078125 0.44062928437500004 0.520748578125 0.4473595921875 0.512024215625 0.4492659703125 0.5092742484375 0.448334678125 0.49885669374999997 0.455416365625 0.4915446140625 0.46178842812500004 0.4893897328125 0.46633056875 0.4830836890625 0.47859745 0.4733850484375 0.484153784375 0.4767618578125 0.4836898578125 0.4695576390625 0.4805901625 0.4659094953125 0.4738864859375 0.47100318750000003 0.46472315000000003 0.4662109 0.46253498437499996 0.46862921875 0.46786580312500003 0.4745703484375 0.45866553750000005 0.4853813765625 0.46156333125 0.4778058625 0.4583442203125 0.47634754218750003 0.45476343437500005 0.48544958749999995 0.44998932812500003 0.488153525 0.45103743749999997 0.47207575 0.44956232968750004 0.4653459875 0.45705208906249994 0.44819396874999995 0.4540219875 0.44562645468750006 0.4483956421875 0.4553172046875 0.44037320312499995 0.43588798906250004 0.43696165625 0.439529746875 0.44183800937499995 0.454590396875 0.44643943906250005 0.46133763281249995 0.4439858140625 0.47176627499999996 0.4236728765625 0.475823684375 0.417987246875 0.4724611546875 0.425702103125 0.46689300781250004 0.42914027812500005 0.459620578125 0.4242037984375 0.459803034375 0.422917696875 0.45196407968749996 0.4194133640625 0.45416499374999997 0.419360103125 0.46142633593750004 0.4158375140625 0.4643548109375 0.413617778125 0.46931602968749997 0.402621090625 0.46436346093749997 0.40134788437499996 0.4688573625 0.40982822187499995 0.4751761765625 0.4062044765625 0.4795669203125 0.4121023078125 0.48218046562500005 0.40814694218750003 0.48951001562499996 0.4010953203125 0.4892005421875 0.3966193328125 0.500578103125 0.4085378484375 0.49962448281249994 0.4126091953125 0.4940959875 0.416753565625 0.48565723906249997 0.42129227187499996 0.48334208125 0.44038182812500004 0.480508109375 0.4420193109375 0.4897593515625 0.4399900859375 0.49869002656249994 0.43060081562499997 0.51061025 0.43059395 0.5185920125 0.433176453125 0.52229728125 0.42802090625 0.5312104843750001 0.41892975625 0.5518043328125 0.4257855078125 0.561204765625 0.41871671718750003 0.5808496984375 0.42258876093750003 0.5884030421875 0.42929503437500005 0.6076148531250001 0.433124115625 0.610456890625 0.43461295624999996 0.6012231265625 0.4310459015625 0.5943616421875 0.42658708125 0.5857847921875 0.425559575 0.5779172734375 0.42770821562499994 0.5667967703125 0.430490025 0.557420196875 0.42626317187499996 0.5524454546875 0.4365974640625 0.5349792609375 0.438208315625 0.5478611703125 0.44529946562499995 0.5568728296875001 0.44266026875 0.5644197828124999 0.4371567734375 0.567929821875 0.43498837031250004 0.5746992359374999 0.4362048828125 0.5814575578125 0.43880715156249994 0.5895139171875 0.43628393593750003 0.5988619296875 0.4322985078125 0.613813034375 0.435842365625 0.6203143046874999 0.43891199687500004 0.6315840015624999 0.44097388125 0.6393372734375 0.446265175 0.6365762171875 0.4461486296875 0.631814690625 0.44231064687500005 0.6156093859375 0.4368870421875 0.6082274125 0.4438596140625 0.591132515625 0.45302638437500004 0.59193391875 0.46402177343749995 0.5847337359375 0.473144284375 0.5686710859375 0.4731975421875 0.56140974375 0.46936502812500003 0.5625585890625 0.46827739375000005 0.569934175 0.4619714859375 0.57716056875 0.45392501249999995 0.5856675265625 0.4437006734375 0.5846201578125
4 0.40434518124999996 0.5436203140625 0.40647665625 0.5524542203125 0.403389859375 0.56113893125 0.40441736875 0.5690064484375 0.40239157812500004 0.5739462421875 0.3980586203125 0.5693459937500001 0.3955624546875 0.5609151421874999 0.3953107265625 0.552961940625 0.3883553203125 0.550102428125 0.39072219375 0.558547559375 0.39054951875 0.5679987296875 0.396891515625 0.5734654015625 0.40104534843749995 0.5813503921875001 0.3970865484375 0.5926708265625 0.396585690625 0.6010699265625 0.3970891453125 0.6169763265625 0.39973780625 0.6257531109375 0.402552275 0.6330604875 0.40751195156250003 0.6332382421875 0.40520239374999995 0.6235668671875 0.4008623734375 0.6027742078125 0.4062369875 0.58513025625 0.41065628125 0.5850049234375 0.410308334375 0.579601759375 0.40690022187499997 0.579252634375 0.40532889531249994 0.5750729125 0.409838415625 0.568260321875 0.4094071078125 0.5615626515625001 0.4085883671875 0.5569370328125001 0.4120961328125 0.550745234375 0.40759092187499996 0.5414479625 0.40434518124999996 0.5436203140625
4 0.4161506421875 0.445234334375 0.42246389687499997 0.4356293203125 0.42582946718750003 0.43634556093750004 0.430077490625 0.43560438125 0.4312807171875 0.430031653125 0.4196651546875 0.43158657187499994 0.4143008609375 0.439250834375 0.4141363734375 0.4460772890625 0.4161506421875 0.445234334375
4 0.40266893125000003 0.41932022968749993 0.3900606890625 0.3922649109375 0.38578775 0.3967055046875 0.3984556890625 0.420601553125 0.40266893125000003 0.41932022968749993
4 0.4936402421875 0.48570215625 0.5025321734375 0.4752003453125 0.5107448078125 0.4753812359375 0.509688834375 0.474137909375 0.511771940625 0.4700999515625 0.508388978125 0.4691136359375 0.508269809375 0.46423095156249994 0.5106337578125 0.46152193124999996 0.5117822359375 0.4581311859375 0.5185855187499999 0.45765176093750004 0.52062611875 0.4620502359375 0.5249759187499999 0.4659216671875 0.530660671875 0.46474980937500004 0.533690965625 0.4557113859375 0.5360400953125 0.44974010781249996 0.537879721875 0.4419211578125 0.5374822859374999 0.4327173421875 0.5395853609375 0.42595726406249995 0.5404642671875 0.4183804234375 0.5423100125 0.41368869999999996 0.547823734375 0.396216240625 0.5525131453125 0.38944249375 0.5567674484375 0.3865246875 0.5558379671875 0.3811875171875 0.550319721875 0.3834289515625 0.5455744359375 0.3885769203125 0.542360240625 0.3962756953125 0.5417212703125001 0.40151410781249997 0.5385418609375 0.409753025 0.53579529375 0.40652049218749997 0.531529878125 0.406991603125 0.5347962484375001 0.4001030375 0.53296691875 0.39595322187500004 0.5315253578125 0.39176057656249996 0.5294473984375 0.3898141515625 0.5267852171875 0.3909241625 0.52715044375 0.3965956453125 0.5304090875 0.39868365625 0.5299987828125 0.4044407953125 0.522437365625 0.4052759484375 0.520105625 0.41151730000000003 0.5196605359375 0.4167342984375 0.5286139171875 0.4162893890625 0.535014615625 0.41259052812499997 0.5350616421875001 0.4193851234375 0.53413925625 0.42628678750000004 0.531839725 0.436060475 0.5308104140625 0.44433390624999997 0.5287247359375 0.45136405625 0.5262538609375 0.4554448421875 0.520740765625 0.45170189374999997 0.5133584124999999 0.4492533703125 0.5091425968750001 0.453526884375 0.50568491875 0.4574446703125 0.5039236078125 0.4361518765625 0.5014183453125 0.4396924765625 0.5005977359375 0.45120675625000006 0.5008030734375 0.45743988281250003 0.501625628125 0.464148821875 0.4999277125 0.4711361421875 0.4935496921875 0.478539296875 0.49197555781249996 0.4750063578125 0.49646254531249995 0.4628151375 0.49132021718749996 0.45875924687499997 0.4910668328125 0.466946978125 0.48489963437499994 0.47578788593750004 0.4892908359375 0.48183067812499997 0.48663832500000004 0.4921873328125 0.4873391390625 0.497005775 0.49105729687500005 0.49713909218749996 0.4910424796875 0.49387682968749996 0.4900930328125 0.49126177968749996 0.4936402421875 0.48570215625
4 0.52485575625 0.3907512015625 0.5229394703125 0.38525103125000004 0.516024115625 0.3930866046875 0.51394873125 0.388147990625 0.510192821875 0.39046676874999997 0.5117909078125 0.3970900484375 0.5044703968750001 0.40469838124999996 0.5025785984375 0.41170711718749997 0.5066580171874999 0.4152916734375 0.508996690625 0.4082783265625 0.52485575625 0.3907512015625
4 0.5112106843750001 0.354719921875 0.496363540625 0.36370354531250004 0.49854850937500006 0.369402284375 0.5155375515625 0.3643057078125 0.5159330375 0.35528630781250004 0.5338249828125 0.35113422656250004 0.5358887515624999 0.32860298125 0.531536378125 0.32772373906249996 0.5296716406249999 0.3442491859375 0.522311825 0.3360863515625 0.5195575359375 0.341830390625 0.5180841625 0.3341053703125 0.509976271875 0.335544859375 0.5145343765625 0.3426571859375 0.5112106843750001 0.354719921875
4 0.5160165 0.32019018125 0.5225337921875 0.3243662 0.522434590625 0.3167613953125 0.51757528125 0.3110422953125 0.5117439890625 0.30842245625000003 0.5106032328125 0.30283663125000004 0.5093954859375 0.2931783296875 0.5146753953125 0.2811715265625 0.515351721875 0.27348106250000004 0.5209720578125 0.2652445390625 0.518200690625 0.260110803125 0.510701115625 0.2710028109375 0.5091899875 0.2657298828125 0.5033857546875 0.27262675937499997 0.50817549375 0.277265578125 0.502999934375 0.29089280624999997 0.5053761265625 0.2944382390625 0.5026192640625 0.30317446875 0.5062109265625 0.307401628125 0.5054476390625 0.3137417390625 0.502944559375 0.3142901953125 0.50069268125 0.3096430625 0.4976627015625 0.30807378281250003 0.4959673609375 0.3120689109375 0.5003171609375 0.315940346875 0.49853486093750005 0.318585121875 0.49243239375 0.323882990625 0.49201499374999996 0.31740129375000004 0.48958920156249996 0.3100534578125 0.4881476390625 0.3058608125 0.4863034953125 0.298448734375 0.4825797921875 0.30429984375 0.487734759375 0.3146101421875 0.4880426625 0.32545579999999996 0.49225075625 0.3301588578125 0.49010775000000006 0.34236317656250004 0.4854545671875 0.342877115625 0.48049543281249996 0.35076861875 0.472392296875 0.3462237734375 0.4745823265625 0.34081404531250004 0.47474914999999995 0.3312759171875 0.47480904687500003 0.32310955625000004 0.4712025671875 0.3156201359375 0.46841092343749996 0.3238162234375 0.47102802343750005 0.3341348359375 0.46766342656250004 0.3425302046875 0.4663046484375 0.3547839015625 0.47483547968749995 0.353841678125 0.4837076953125 0.3645132859375 0.48966718125 0.3628112015625 0.48878987656249995 0.35828424375 0.48865331718749994 0.3531314890625 0.494385409375 0.3481465171875 0.4954817109375 0.343945559375 0.49751521875 0.3361052 0.499019253125 0.3291392921875 0.5025490687499999 0.3233095953125 0.507433490625 0.3203221921875 0.5112963265625 0.3166316453125 0.5160165 0.32019018125
4 0.45062548125 0.2568551515625 0.44760259687500004 0.2675247046875 0.44269369062499997 0.2580032 0.43829880625 0.26556039062500003 0.43917354218750004 0.273079540625 0.44384668749999995 0.2698434796875 0.4422479734375 0.28443560625000003 0.440112690625 0.2876633546875 0.434937759375 0.280075175 0.4192880203125 0.279627740625 0.4292314078125 0.2551382296875 0.42108124687500004 0.243798790625 0.41728797812499996 0.24856961875 0.4236609890625 0.25656945468750003 0.41421743906249997 0.2736599859375 0.40489625937499996 0.271425603125 0.40275325312500004 0.28362992343750004 0.4085323734375 0.28543954843749997 0.40952432656250004 0.27961816562499997 0.412939496875 0.2841368109375 0.4028994828125 0.2980293234375 0.4060859859375 0.302029240625 0.41653115781250005 0.2883639703125 0.429292625 0.286410496875 0.4355638578125 0.2897977171875 0.43818610781249995 0.29413195000000003 0.438797390625 0.30059223125 0.43373133125 0.3098555 0.43258027656250003 0.316238440625 0.4366189546875 0.3172713859375 0.4453407703125 0.3051733546875 0.44623449375 0.30085877499999997 0.443947834375 0.2956715046875 0.44861872187499996 0.28481993125 0.448179096875 0.2734448421875 0.4543015265625 0.2654248546875 0.465477290625 0.263578521875 0.4645128859375 0.2572252421875 0.4566967109375 0.257136559375 0.45419523437500003 0.2455812140625 0.4508818359375 0.24567518124999999 0.45062548125 0.2568551515625
4 0.40549632343750003 0.2501439875 0.4101895625 0.2504415984375 0.415346978125 0.2515039140625 0.4144896359375 0.2442548375 0.40698554218750005 0.2399158171875 0.40114909687500006 0.2432803625 0.3973384390625 0.24778111875 0.3951658 0.253460915625 0.39279670312500004 0.2621543171875 0.38754190781250003 0.26545461875 0.385510975 0.270302790625 0.3767714421875 0.2680041640625 0.3758471109375 0.2566826109375 0.371340784375 0.25038054375 0.3657903328125 0.2490896453125 0.356757715625 0.23920762812500002 0.3494545953125 0.24708602968750001 0.3540279140625 0.257460571875 0.3587654796875 0.2612891765625 0.3567467890625 0.2723918015625 0.3531274390625 0.27986333281250003 0.3439878984375 0.27135308281250003 0.3348779921875 0.269367359375 0.319804753125 0.27484006562499996 0.32157933125 0.281171859375 0.3360161734375 0.2779453765625 0.3444201171875 0.28109704375 0.3492072828125 0.2887280484375 0.3514391921875 0.2960973 0.35635839687500004 0.2936500375 0.35739028125 0.282384415625 0.3582057453125 0.2768545171875 0.3645394484375 0.269083184375 0.3698960203125 0.2703954984375 0.3675964890625 0.28016918281250003 0.3633781 0.2874348890625 0.358983221875 0.294992078125 0.35416579062500003 0.3020519546875 0.3475589671875 0.29951777343749997 0.3380239390625 0.300026925 0.339393359375 0.3061314796875 0.34750164375 0.304691946875 0.349278796875 0.30803155000000004 0.3433876046875 0.3135780734375 0.3441274828125 0.3290102171875 0.35881715937499997 0.322753553125 0.3596737375 0.3117792875 0.3636660359375 0.3010026625 0.378478715625 0.28087119375 0.38981264531250004 0.28206729531249997 0.39141378125 0.2922261265625 0.3940286234375 0.294929228125 0.39606696406249997 0.2917121875 0.3960076953125 0.278663140625 0.39171264375 0.27260972968749997 0.396530071875 0.26554985000000003 0.40549632343750003 0.2501439875
4 0.5070321984375 0.5833429640625 0.5085755375 0.5921482218749999 0.511359459375 0.59292870625 0.51525965 0.5867861125 0.521170809375 0.57851746875 0.5201717609375 0.5721000125 0.5127816828125 0.578628065625 0.5099829453125 0.57458531875 0.5030057453125 0.5723640359375 0.5053922328125 0.5639407046875 0.510440903125 0.5544073625 0.5152879671874999 0.5538720078125 0.5182206921875 0.5660597015625 0.527769746875 0.5688129 0.5227165578124999 0.563115215625 0.5217349015625 0.556967834375 0.5197664421875 0.55065745 0.5216208828125 0.546100765625 0.5262096453125 0.5385221625 0.5283500765625 0.5293100328125 0.5255582640625 0.51689428125 0.522735203125 0.5209544671875 0.5224614609375 0.5318643671875 0.520289384375 0.5394480390624999 0.5162443453125001 0.5475105734375 0.5125605765625 0.547917440625 0.5158643046875 0.5385768296875 0.515432084375 0.5288328703125 0.5137818234375 0.521399378125 0.5106945203125 0.5250042671874999 0.51281435625 0.539729665625 0.5101818109375 0.5473642 0.5064319609375 0.5496823078124999 0.5025505109374999 0.5577267734375 0.49979653749999997 0.5528631078124999 0.4992251875 0.5409585859375 0.4988103609375 0.5314847 0.4936998484375 0.530961184375 0.49241160937500006 0.553406775 0.500141796875 0.5612567109375 0.49744935312500005 0.57705760625 0.49965323906250003 0.6121274546875 0.50041445 0.6139929546875 0.5034444296875 0.6155622375 0.50357389375 0.6084761578125 0.5034573015625 0.60060128125 0.5057665015625 0.6000742421874999 0.5105092140624999 0.5979184609375 0.5105639625 0.5957364843749999 0.505296925 0.592782334375 0.5035545578125 0.5899828703125001 0.504230884375 0.5822924078125 0.5070321984375 0.5833429640625
4 0.5498287515625 0.493014015625 0.5454824796875 0.4902291 0.5419549531250001 0.49206980468749995 0.536600934375 0.4857684640625 0.531545040625 0.48814075 0.53304334375 0.4952307203125 0.5377212296875 0.49507682812500003 0.5418552984375 0.498610725 0.546015996875 0.4985139546875 0.5460787203125 0.50757635 0.5457436703125 0.5145060421875 0.5442084375 0.5230193843750001 0.5457531328125 0.5308297796875 0.54722480625 0.541550421875 0.55006590625 0.5452271296875 0.5542695640625 0.549841659375 0.5601639656249999 0.5564460875 0.5661313875 0.5601402671875 0.5714369687499999 0.5619615375 0.5703685421875 0.5531423656250001 0.565657578125 0.5507605015625 0.558248125 0.54287231875 0.5544572734375001 0.5365797140625 0.5515117890625 0.531282059375 0.5510976859375 0.52080738125 0.5501629640625 0.51438070625 0.5503356390625 0.504929540625 0.5550899796875 0.49787451562499996 0.5549310390625 0.491362153125 0.55203195 0.4867849234375 0.5498287515625 0.493014015625
4 0.5875560296875 0.494665359375 0.5888336640625 0.4837728171875 0.584422303125 0.482881659375 0.5749238906249999 0.49826598750000006 0.5742840874999999 0.49447716406250003 0.575156690625 0.477288775 0.5740207140625 0.4688682359375 0.5778856234374999 0.4612737421875 0.5773013125 0.45527336875 0.575021528125 0.44753051875 0.5731373718749999 0.43671151718749995 0.5752363 0.4262796203125 0.578121271875 0.4157609046875 0.5825052015625001 0.4070063765625 0.5880708046875001 0.39508887656249997 0.589762840625 0.385253275 0.588858053125 0.3754288140625 0.577434440625 0.38358248281249996 0.5755620578125 0.4006056203125 0.5717324015624999 0.40874757656250005 0.568504684375 0.4231636359375 0.56722444375 0.4370889171875 0.5619260890625 0.45008319218750004 0.5600465171875 0.45470163125 0.5556097015625 0.46263496875000004 0.5562775703125 0.45456655156250003 0.5597142046875 0.44646800468750003 0.560581190625 0.4353451421875 0.555267590625 0.4450293875 0.553656834375 0.45382221874999995 0.5506202359375 0.45891304843749997 0.5457775859375 0.4636175359375 0.5418311484375 0.469946028125 0.539238653125 0.4727134640625 0.532806703125 0.47425090000000003 0.526699871875 0.47161726249999997 0.5234447265625 0.47638763125 0.5232580171875 0.48578129218750005 0.524272640625 0.4873232953125 0.5280721953125 0.49600099999999997 0.5296318671875 0.48948815 0.52947583125 0.4839918328125 0.5303375984375001 0.47893445156250003 0.53515585 0.47922931562500004 0.539963984375 0.48090368124999994 0.5420638359375001 0.476536590625 0.54631040625 0.47496485 0.5497189812500001 0.478723540625 0.5565943921875001 0.479342546875 0.557287228125 0.47485518125 0.5592879015625 0.464434134375 0.5635758703125 0.46340917968750006 0.567034715625 0.4710218046875 0.5700829140625 0.47840410625 0.5698080671875 0.4864291140625 0.567865503125 0.4962159296875 0.5683992124999999 0.5045037671875 0.5625039093749999 0.5051548968749999 0.5599969437500001 0.5123237296875 0.5699308203125 0.5098481546875 0.5704886921875 0.5154379296875 0.5725252890625 0.5255509 0.57278448125 0.535722346875 0.5697496796875 0.5439143484375 0.572501934375 0.55918615 0.5816111703125 0.5605605453125 0.582427228125 0.5594647171875 0.5823417 0.555063321875 0.5792608593749999 0.544100815625 0.5788404109374999 0.5344985359375001 0.5858520921875 0.5235240296875 0.5868274515625 0.5110108078125 0.585028825 0.5045932046875 0.57799690625 0.5183267218750001 0.5782893812500001 0.51057544375 0.5815647609375 0.5030460609375 0.5875560296875 0.494665359375
4 0.5603587125 0.40335775468749996 0.5572575953125 0.4074497015625 0.5543662546875 0.41479923281250003 0.5505026234375 0.42272483125000004 0.5460951265625 0.42742974375 0.539897325 0.4304576796875 0.5391089140624999 0.43889094531249995 0.551585915625 0.43432215625000004 0.5540832328125 0.4260787875 0.5603454046875 0.41882563125 0.5603587125 0.40335775468749996
4 0.4260906015625 0.4190691796875 0.4323148078125 0.41566180781249995 0.42941172187500004 0.40999863750000004 0.42529058593749997 0.40664593125000004 0.420341746875 0.40256866875 0.42288218437499997 0.3995681671875 0.42749606250000005 0.3832830578125 0.4216325578125 0.377130890625 0.4142051234375 0.3861109859375 0.4079738234375 0.377279525 0.40349970468749996 0.3745097890625 0.3998384765625 0.369202346875 0.3958416578125 0.3647479453125 0.39544165 0.3585363171875 0.3921873515625 0.356515828125 0.38506764531250004 0.361178071875 0.3869005203125 0.37144730625 0.3863485078125 0.37803607031249997 0.3812006375 0.37996460625 0.37870979843749997 0.3867675140625 0.3686427234375 0.39114330937499997 0.3551727203125 0.397254915625 0.3549414796875 0.3997283796875 0.353474803125 0.4042422375 0.34843128125 0.40779119843749995 0.3463256359375 0.4175434671875 0.346131753125 0.41756488125 0.34350435625000003 0.4192150328125 0.339537171875 0.42128515312500003 0.33541603593749997 0.4179324453125 0.333638884375 0.41459284218750003 0.33221728906250003 0.4076780765625 0.3306166265625 0.40404698593750005 0.32970196406249996 0.4019720765625 0.32321430625 0.40432058125000003 0.32328129843750003 0.4083930546875 0.32604268125 0.41488785312500004 0.331854009375 0.42022981093749995 0.333399921875 0.4260428796875 0.330931625 0.42713147500000004 0.3245708578125 0.425386090625 0.3227415296875 0.42123627656249996 0.3204026953125 0.415238790625 0.3131420828125 0.4146807625 0.3127691359375 0.417985853125 0.3134035234375 0.4206356984375 0.320496746875 0.42882798125 0.3212075453125 0.43228536406250007 0.325176990625 0.4378307546875 0.32988975625 0.439758159375 0.33379478125 0.43823888593750004 0.33640478749999997 0.436318665625 0.3401954796875 0.434540028125 0.347018728125 0.431338484375 0.3507546703125 0.43174182656250004 0.34877333906249997 0.4403924 0.34921070625 0.44415197656250005 0.351586896875 0.4476974078125 0.3533466578125 0.45076694375 0.355248125 0.45300485156250003 0.3556655234375 0.459486546875 0.35403975 0.464561959375 0.350529896875 0.46766953593749994 0.346311509375 0.4749352375 0.3493936640625 0.477314734375 0.35415376875 0.47542902812500004 0.359914521875 0.46785697343750005 0.3605447984375 0.462483525 0.359826590625 0.4573950125 0.3564861375 0.447972265625 0.35502975625 0.440517359375 0.355604309375 0.42821428125 0.35476693593749997 0.4182430828125 0.35986263125 0.415504334375 0.363285525 0.4110464078125 0.3666414265625 0.40251600468750004 0.3707851 0.4001544 0.377715271875 0.3955810875 0.37977211875 0.3890981046875 0.38394462812499996 0.3861893328125 0.39066095 0.3843595546875 0.3923588671875 0.3773722328125 0.390318265625 0.372973759375 0.38942356875 0.36817673125 0.394551471875 0.3689703171875 0.39420657812500004 0.37880010468749997 0.4005299875 0.3829975375 0.41096597343749997 0.3943080421875 0.4099319859375 0.395558671875 0.4091912390625 0.39618447031250004 0.4078862359375 0.3971445796875 0.4050275984375 0.40126819375 0.40601182968750005 0.40442338749999995 0.40837062968750004 0.4076987484375 0.4100434296875 0.40941793125 0.4124917625 0.4110514546875 0.4145871109375 0.4132679515625 0.417897934375 0.41616617187499994 0.4260906015625 0.4190691796875
4 0.6270780578124999 0.38098284375 0.6285646984375 0.373746865625 0.6234593328125 0.3672389671875 0.6128453921875 0.37221915 0.6059847890625 0.37787274375 0.6164151437500001 0.3609452109375 0.6184460765625001 0.35609704375 0.630660678125 0.3547479515625 0.63921405 0.34809141875 0.6363831015625 0.3405163390625 0.6242902421875 0.343755925 0.6225775062500001 0.347480984375 0.61833463125 0.3422377828125 0.6177284984375 0.32979311875 0.6165156015625 0.32611920156249996 0.6109226421875 0.3332647359375 0.604507125 0.3337013296875 0.6077805890625 0.33905160156249997 0.609965471875 0.3396262609375 0.6139745328124999 0.35033511562499997 0.6083641828124999 0.357210578125 0.605552571875 0.3681287875 0.601899065625 0.353844771875 0.5924439015625 0.343465440625 0.593174978125 0.3335929984375 0.5853179015625 0.3298369484375 0.5898048874999999 0.31764572812499997 0.6028400984375 0.3047823609375 0.6068523640625 0.291283615625 0.611180253125 0.2796539515625 0.60669131875 0.27362195312500004 0.601240065625 0.279935859375 0.5978841640625 0.28846626249999996 0.59382745 0.29217822187500003 0.5835793609375 0.2816144765625 0.5916605859375 0.270658228125 0.6002477671875 0.255430225 0.5951040734374999 0.2422627703125 0.591223846875 0.2456832421875 0.5854350593750001 0.234626975 0.5862208859375 0.22257255312500002 0.5766736156250001 0.216827253125 0.5712970765625001 0.218237059375 0.5732133640625 0.22373723124999997 0.57377246875 0.22938730000000002 0.56836115 0.23025696562500003 0.56276109375 0.22516366406250002 0.5582747375 0.216139475 0.5645412999999999 0.20429332968749997 0.5661747984375001 0.19024134374999999 0.5535898234375 0.1919033328125 0.545362371875 0.188460184375 0.5390911375 0.1850729625 0.53904863125 0.19350939375 0.5428316 0.20070733437500002 0.5472136109375 0.208111096875 0.546939865625 0.21902099375 0.5579826 0.234073396875 0.5571479046875 0.2457887203125 0.5651207078125 0.2523801484375 0.564089196875 0.2425313921875 0.5699027390625 0.2371846890625 0.5741608281249999 0.2477840375 0.580555728125 0.2545497421875 0.5866623265625 0.2630077375 0.5820650125 0.2718177421875 0.5777508250000001 0.2850243390625 0.5775838 0.2916845765625 0.590768075 0.3051724140625 0.5805190687499999 0.3187577640625 0.577712421875 0.3091050703125 0.571332628125 0.30565859375 0.56958770625 0.3124931078125 0.571425859375 0.3225295140625 0.5641228953125 0.32942442656250004 0.562676628125 0.3223888921875 0.5670909375 0.31269390625 0.5619831359374999 0.30128978281249996 0.5650136859375 0.2939031578125 0.563570009375 0.283823184375 0.5591271984375 0.2796092859375 0.5601561187499999 0.2925024828125 0.555945940625 0.288816375 0.5467672640625 0.266583884375 0.547516071875 0.2504501859375 0.5547508421875 0.239411684375 0.551081875 0.231791421875 0.5397430421875 0.24674303593750002 0.539051896875 0.25117123750000003 0.5307323375 0.252362115625 0.5281696734375 0.2504692296875 0.53338485 0.2420054640625 0.54273114375 0.23553334375 0.5461070109375 0.22428082031250002 0.5397288515625001 0.22226536718749998 0.533342971875 0.2292264859375 0.5287219999999999 0.2332727578125 0.5197435031250001 0.2424241703125 0.515868428125 0.2398602625 0.507568834375 0.23832901875 0.5022245078124999 0.2432711609375 0.4922418171875 0.251989503125 0.4889310125 0.25643505 0.484916784375 0.24436680625 0.47716920468749996 0.23624679999999998 0.47436274218749996 0.24118062812500002 0.4782874203125 0.24754693749999998 0.4795698828125 0.25230113906249996 0.4808497703125 0.26004753125 0.48336509375 0.26575352812499997 0.4916994703125 0.26782491249999996 0.49801321249999997 0.2627757 0.5003423765624999 0.25952654062499997 0.5047172921875 0.2546914703125 0.5084558109375 0.2521026234375 0.513268090625 0.2510271296875 0.5146774421875 0.251687440625 0.5155747140625 0.2534922796875 0.51477921875 0.2563000546875 0.5143888796875 0.2593350765625 0.521932909375 0.25822985468750004 0.5232379109374999 0.2572697421875 0.525194128125 0.257325671875 0.5277120265625 0.260039478125 0.52599671875 0.2667567296875 0.5224842921875 0.2728564953125 0.519394415625 0.2794535734375 0.5184398203125 0.2828229078125 0.5236173265625 0.28741889375 0.5253249109375 0.28967821875 0.531954275 0.2864980875 0.527768721875 0.276080715625 0.5320367140625 0.2726174140625 0.5344354453125 0.2704485359375 0.5345101609375 0.2655444359375 0.532926890625 0.2621834171875 0.5347787562499999 0.2606189234375 0.53837299375 0.2618538921875 0.5395807421875001 0.2715121921875 0.54222038125 0.27611649374999997 0.5453521390625 0.282298390625 0.547991778125 0.28690269218750003 0.5515634734375 0.293851971875 0.5531093859375 0.29966504375 0.5537953859375 0.30122122500000004 0.558780209375 0.30815196093749997 0.561115265625 0.3148283015625 0.5601354140625 0.3168580015625 0.5591669203125 0.3172417109375 0.558699075 0.3192305734375 0.5581578609375 0.32316472812499997 0.5570534015625 0.3245246421875 0.5548958890625 0.32186456093750004 0.551299396875 0.3140085140625 0.5413121859375 0.3074958296875 0.531811940625 0.308545121875 0.530852196875 0.3178988375 0.5404716109375001 0.3217322296875 0.54406841875 0.3199750078125 0.5467106359375 0.3215871203125 0.54762015 0.3296464078125 0.5529567531249999 0.333680840625 0.55580766875 0.3385338015625 0.5581490765625 0.341539090625 0.558916884375 0.3504300078125 0.5591429765625 0.3539409265625 0.5532917171875 0.35404321250000004 0.5541664484375 0.3615623609375 0.5573355624999999 0.3652922078125 0.5597838937499999 0.36692573125 0.563432878125 0.3659787234375 0.5655011703125 0.3586785015625 0.565784584375 0.35701525 0.567909571875 0.3657562671875 0.5679413796875 0.3652195875 0.5653254578125 0.33775691874999997 0.577970603125 0.3336892296875 0.5851296671874999 0.348897146875 0.59198110625 0.359020075 0.5950307390625 0.3684749390625 0.5906429531249999 0.3882709640625 0.58837820625 0.398584790625 0.5963595984375 0.40123914374999997 0.6038218171875 0.392799184375 0.6141424546875001 0.3824115671875 0.6218458 0.378568834375 0.6270780578124999 0.38098284375