4 0.63636096875 0.62801545625 0.624943728125 0.6027504703125001 0.6153292078125 0.5964342203124999 0.6117237640625001 0.608164396875 0.62434281875 0.6226015296875 0.65258546875 0.682154721875 0.66159908125 0.6812524 0.6646036171875 0.638843309375 0.656791821875 0.637940990625 0.6549890984375 0.6659129421875 0.63636096875 0.62801545625
4 0.592494725 0.49537426250000005 0.5852838359375 0.47642552031249996 0.5600457249999999 0.49086265781250005 0.56365116875 0.5052997953125 0.5858847453125 0.49717890468750003 0.5906920046875 0.513420684375 0.6015083359375 0.507104434375 0.609320134375 0.5161276453125 0.6183337453125 0.5125183609375 0.635159153125 0.5161276453125 0.645374578125 0.5296624624999999 0.6369618765625 0.5350763890625 0.6297509875 0.5242485375 0.625544634375 0.5359787093749999 0.6321546171875 0.547708884375 0.6597963578125 0.5404903156249999 0.6543881921875 0.528760140625 0.6393655046875 0.4980812265625 0.609320134375 0.498983546875 0.6039119656249999 0.48274176718749995 0.592494725 0.49537426250000005
4 0.6652045249999999 0.4358210734375 0.6441727640625 0.43040714687500004 0.6381636890625 0.3997282296875 0.6264459953125 0.40784911875 0.6357600609375 0.43401643125 0.6417691343749999 0.44394196093750005 0.6549890984375 0.44213731875000006 0.6399664125 0.4493558875 0.6267464484375 0.4493558875 0.6165310234375 0.44213731875000006 0.599705615625 0.4502582109375 0.5858847453125 0.4538674921875 0.5900910953125 0.46469534531249995 0.597301984375 0.46469534531249995 0.5948983546875 0.477327840625 0.6021092453125 0.477327840625 0.6057146890625 0.46289070312499997 0.6183337453125 0.4574767765625 0.6339573390625 0.46469534531249995 0.6393655046875 0.47371855625 0.651383653125 0.45928141875 0.6640027109375 0.4511605296875 0.6808281171874999 0.4538674921875 0.6874380999999999 0.44484428437499995 0.7060662296875 0.4475512453125 0.7198871 0.45928141875 0.740317953125 0.45657445625 0.7361116015625 0.441235 0.7198871 0.44394196093750005 0.702460784375 0.42679786249999996 0.6790253953125001 0.43040714687500004 0.6652045249999999 0.4358210734375
4 0.6779256296875 0.34921965781250003 0.6617969312499999 0.357032175 0.6597158078125 0.3796884859375 0.6664794578125 0.3796884859375 0.66752001875 0.364844696875 0.6826081546875 0.357032175 0.69665573125 0.3734384703125 0.7107033078125 0.37734472812500003 0.7237103234375 0.414844828125 0.7107033078125 0.40000103906250006 0.6987368546875 0.38906351093749997 0.6935340484375 0.394532275 0.682087875 0.3796884859375 0.673763384375 0.384375996875 0.6836487171875001 0.393751021875 0.6878109609374999 0.40156354375000003 0.6987368546875 0.4054698015625 0.7112235890624999 0.41328232343750004 0.6950948890624999 0.417188584375 0.707581625 0.4257823546875 0.7252711656249999 0.4257823546875 0.73255509375 0.414844828125 0.7174669578125 0.3664072015625 0.70237881875 0.361719690625 0.6841689984375 0.34062588437499997 0.6779256296875 0.34921965781250003
4 0.714345271875 0.29140700625 0.7112235890624999 0.2640631859375 0.7065410640625001 0.25781316875 0.6961354515625 0.2570319171875 0.6841689984375 0.2343756109375 0.6826081546875 0.2164068109375 0.681047315625 0.1968755109375 0.6654388953125 0.196094259375 0.6680402984375 0.2078130390625 0.6659591765624999 0.21875056874999999 0.6534724421875 0.2117193 0.639424865625 0.196094259375 0.634222059375 0.20468803124999999 0.6487899171875 0.22187557500000002 0.656594125 0.22734434218750002 0.6722025453125 0.2296880953125 0.6867704 0.2570319171875 0.691452925 0.2703132015625 0.704459940625 0.2742194625 0.703939659375 0.287500746875 0.7008179765625 0.3000007796875 0.7028991 0.314063315625 0.7055005015625 0.32500084375 0.6956151703125 0.30546954375 0.6904123640625001 0.28125073125 0.6841689984375 0.2632819328125 0.679486471875 0.2554694125 0.66752001875 0.2593756734375 0.6664794578125 0.2640631859375 0.658675246875 0.25781316875 0.6519116 0.2609381796875 0.6534724421875 0.27187570625 0.6612766515625 0.275000715625 0.6758445078124999 0.27187570625 0.680006753125 0.2796882265625 0.68156759375 0.2898445015625 0.689892084375 0.3101570546875 0.6950948890624999 0.3234383390625 0.681047315625 0.31093830625 0.674283665625 0.30546954375 0.664918615625 0.28906324843750003 0.6555535640625 0.2968757703125 0.669080859375 0.31093830625 0.670121421875 0.32500084375 0.680006753125 0.32500084375 0.6924934875 0.3398446328125 0.7028991 0.35390716875 0.7174669578125 0.367188453125 0.7398390234375001 0.364844696875 0.7351564984375 0.35312591718749997 0.7138249921875001 0.3515634125 0.7133047109375 0.3125008109375 0.709142465625 0.3039070390625 0.714345271875 0.29140700625
4 0.765332771875 0.1148440484375 0.7840628749999999 0.11015653750000001 0.77313698125 0.0984377578125 0.7622110890625 0.086718975 0.7622110890625 0.1015627640625 0.750244634375 0.09921900624999999 0.7570082828125 0.1156253 0.754406878125 0.145312878125 0.7454320390625 0.13515660000000002 0.7335956546875 0.10937528437499999 0.72787256875 0.12343782031249999 0.7398390234375001 0.14453162656250002 0.7538865984374999 0.16796918593750002 0.7518054765625 0.192969253125 0.74400126875 0.17031294218749998 0.7330753750000001 0.17031294218749998 0.7335956546875 0.152344146875 0.7242306046875 0.1546879015625 0.7273522875 0.16562543125 0.714865553125 0.159375415625 0.7169466765625 0.1726567 0.725791446875 0.18515673125 0.7351564984375 0.1843754796875 0.7424404250000001 0.196094259375 0.7528460390625 0.2101567953125 0.7570082828125 0.228125590625 0.74296070625 0.2101567953125 0.7346362171874999 0.192969253125 0.726311728125 0.1968755109375 0.7320348125 0.21484430625 0.73827818125 0.222656828125 0.7460823890625 0.2312506 0.749204071875 0.24609438906249997 0.7570082828125 0.26250068125000003 0.76741389375 0.258594421875 0.7622110890625 0.205273971875 0.7627313703125 0.14765663281250002 0.765332771875 0.1148440484375
4 0.635262621875 0.0250000640625 0.6441073921875 0.010156278125 0.6321409359375 0.003906259375 0.6253772890625 0.021093804687500002 0.629539534375 0.03593759375 0.6201744828125 0.047656373437499996 0.618093359375 0.0343750890625 0.6217353250000001 0.026562568749999998 0.6217353250000001 0.0140625375 0.61080943125 0.0250000640625 0.596241575 0.026562568749999998 0.598842978125 0.0351563421875 0.6087283109375 0.040625104687500004 0.6102891515625 0.06015640625 0.593640171875 0.07500019531249999 0.578552034375 0.060937657812500004 0.5681464218750001 0.049218878125 0.5660653 0.029687578125000003 0.5811534390624999 0.0109375265625 0.582714278125 0.0015625046875 0.5681464218750001 0 0.5681464218750001 0.010156278125 0.5629436171875 0.0179687953125 0.5449939359375 0 0.5410918296875 0.013281284374999999 0.5176792046875 0.0187500484375 0.52600369375 0.025781315625000002 0.543172953125 0.0281250734375 0.5520177234375 0.036718846875 0.5504568812499999 0.051562632812499995 0.543172953125 0.0625001625 0.528084815625 0.0648439171875 0.5122162578125 0.0648439171875 0.51455751875 0.0781252046875 0.5348484640625 0.078906453125 0.537970146875 0.0851564703125 0.543693234375 0.09531274687499999 0.5572205296875 0.0914064890625 0.5509771609375 0.078906453125 0.5509771609375 0.0718751859375 0.5671058609374999 0.07109393593749999 0.573349228125 0.07968770625 0.582714278125 0.082812715625 0.588437365625 0.08984398437499999 0.588437365625 0.0984377578125 0.5775114718750001 0.10468777343749999 0.5837548406249999 0.1128909171875 0.594680734375 0.10859403125 0.6024849421875 0.0976565046875 0.6071674687499999 0.10000025937499998 0.61184999375 0.10468777343749999 0.613410834375 0.112500290625 0.598842978125 0.12343782031249999 0.594680734375 0.1312503421875 0.6009241000000001 0.1355472265625 0.61155429375 0.13331250781249998 0.5967618546875 0.14414100000000002 0.5863562421874999 0.1414066171875 0.5743897890625 0.1273440796875 0.56554501875 0.13671910468749998 0.57126810625 0.1500003890625 0.5717883875 0.152344146875 0.558781371875 0.1570316578125 0.5504568812499999 0.16406292656250002 0.554619125 0.1804692171875 0.5645044578125 0.1781254625 0.5717883875 0.16875043750000002 0.5811534390624999 0.159375415625 0.589477928125 0.1609379171875 0.5967618546875 0.162500421875 0.605606625 0.15312539687499999 0.618093359375 0.145312878125 0.598842978125 0.1734379484375 0.596241575 0.1843754796875 0.5863562421874999 0.18515673125 0.5821939984375 0.20156302187500003 0.588437365625 0.20273490156250001 0.5967618546875 0.20234427500000002 0.589477928125 0.215625559375 0.584275121875 0.2240972625 0.5738695078125 0.22890684375 0.56554501875 0.24062562656250003 0.56658558125 0.25273503124999996 0.5775114718750001 0.2539069109375 0.5899982078125 0.2539069109375 0.5925996109375 0.24140687500000002 0.6076877484375001 0.22109432343750002 0.6128905546875 0.20625053750000003 0.6076877484375001 0.1937505015625 0.61184999375 0.1875004859375 0.6149716765625 0.192188 0.618613640625 0.20390677968749998 0.6102891515625 0.2312506 0.6154919578125 0.23515685937500003 0.623816446875 0.2234380796875 0.6264178515625 0.2117193 0.6337017781250001 0.20156302187500003 0.630059815625 0.189062990625 0.6243367281250001 0.1843754796875 0.64202626875 0.1968755109375 0.6508710390625 0.1875004859375 0.6534724421875 0.1734379484375 0.6576346875 0.16406292656250002 0.664658475 0.1515628953125 0.658675246875 0.14218786875 0.6477493546875001 0.1570316578125 0.6477493546875001 0.17031294218749998 0.6435871109375 0.182812975 0.6368234609375001 0.1781254625 0.6451479515625 0.166406684375 0.644627671875 0.1578129109375 0.6555535640625 0.13671910468749998 0.6550332828125 0.12031281093749999 0.6503507578125001 0.119531559375 0.66283749375 0.10625027499999999 0.6477493546875001 0.096875253125 0.6498304765625 0.08906273125 0.6612766515625 0.086718975 0.6706417015625 0.073437690625 0.6789661921875 0.0445313640625 0.673763384375 0.0312500796875 0.6669997390625 0.029687578125000003 0.6508710390625 0.029687578125000003 0.6430668296875 0.0289063265625 0.6357829015625 0.0578126484375 0.613931115625 0.0875002265625 0.60144438125 0.08359396875 0.6191339218749999 0.0648439171875 0.6206947640625 0.0554688953125 0.629019253125 0.052343884375000004 0.6373437421875 0.039062599999999996 0.635262621875 0.0250000640625
4 0.4021769078125 0.26171942812500004 0.3928118578125 0.2476568953125 0.382926525 0.26718819531250004 0.3928118578125 0.28046947968749997 0.3855279296875 0.2898445015625 0.36991951093750003 0.2929695109375 0.3621153015625 0.3070320484375 0.3730411953125 0.3132820640625 0.3855279296875 0.3062507953125 0.412582521875 0.278125721875 0.41154195937500004 0.2664069421875 0.4021769078125 0.26171942812500004
4 0.72214948125 0.2937507640625 0.7273522875 0.30781329999999996 0.7408795828125 0.30781329999999996 0.7528460390625 0.318750828125 0.760129965625 0.304688290625 0.7466026703125 0.28711012187499996 0.7377579 0.26250068125000003 0.725076059375 0.26875069687500003 0.72214948125 0.2937507640625
4 0.7138249921875001 0.176953584375 0.7028991 0.166406684375 0.689892084375 0.171875446875 0.7002976953125 0.189062990625 0.704980221875 0.21328180468750002 0.6950948890624999 0.1867192359375 0.682087875 0.1835942265625 0.68156759375 0.1945317546875 0.6945746109375001 0.20546928437499998 0.6987368546875 0.2234380796875 0.6852095593749999 0.20937554375 0.6852095593749999 0.22734434218750002 0.6924934875 0.24062562656250003 0.6997774156250001 0.25000064843750003 0.7133047109375 0.26171942812500004 0.720588640625 0.2742194625 0.7273522875 0.2601569265625 0.70810190625 0.23750061718749998 0.7190277984375 0.2171880640625 0.715906115625 0.20156302187500003 0.7138249921875001 0.176953584375
4 0.7866642765625 0.2593756734375 0.78354259375 0.2507819015625 0.775738384375 0.244531884375 0.7693324296874999 0.2554694125 0.7767789453125 0.26875069687500003 0.7861439953125 0.28671949531249996 0.7871845578125 0.30546954375 0.7986307312500001 0.3062507953125 0.796029328125 0.2640631859375 0.800191571875 0.25000064843750003 0.800191571875 0.26875069687500003 0.8178811125 0.2796882265625 0.816320271875 0.2695319484375 0.811117465625 0.2453131375 0.8022726953125 0.22578183749999997 0.8069552218749999 0.21484430625 0.818921675 0.2000005203125 0.8194419546875 0.17968796874999998 0.8090363421875001 0.1726567 0.801752415625 0.19921926875 0.7947286250000001 0.2078130390625 0.7871845578125 0.19843801562500002 0.7825020312500001 0.1804692171875 0.7746978234374999 0.182812975 0.7746978234374999 0.20468803124999999 0.790826521875 0.22656308906249997 0.7913468015625 0.2367193640625 0.7913468015625 0.2476568953125 0.7866642765625 0.2593756734375
4 0.6425465484374999 0.4031260484375 0.6482696359375 0.4179698375 0.6623172125 0.420313590625 0.670121421875 0.40781355937499997 0.6534724421875 0.3984385328125 0.6539927234375 0.37500097499999996 0.638904584375 0.37656347968750004 0.6425465484374999 0.4031260484375
4 0.1573864078125 0.31484456875 0.159205865625 0.3226570890625 0.1555639015625 0.343750890625 0.141516325 0.32031333281249996 0.1290621078125 0.3273446 0.143077165625 0.35390716875 0.13371211562500002 0.364844696875 0.1326715546875 0.38281349531250003 0.1560841828125 0.37578222656250004 0.1680506359375 0.35546967343749997 0.1675303546875 0.37578222656250004 0.1805373703125 0.37734472812500003 0.183659053125 0.38750100625 0.19562550781250002 0.3820322421875 0.1961457890625 0.36406344375 0.1862604578125 0.350782159375 0.1852198953125 0.3289071046875 0.17689540625 0.3226570890625 0.1727331609375 0.3125008109375 0.1727331609375 0.29453201562500003 0.158685584375 0.292188259375 0.1573864078125 0.31484456875
4 0.20030803437500003 0.357032175 0.211233925 0.371875965625 0.21279476874999997 0.386329128125 0.23022416875 0.3871103796875 0.22892346562500002 0.36406344375 0.22632206406250002 0.35312591718749997 0.2336059921875 0.33437586874999997 0.23815844687499998 0.324219590625 0.22320038125 0.31953207968749997 0.21175420625000002 0.34843840625 0.195105228125 0.33750087500000003 0.1930241046875 0.35312591718749997 0.20030803437500003 0.357032175
3 0.5212765953125 0.22683706093749997 0.49574468125 0.252396165625 0.49574468125 0.29712459999999996 0.47234042499999995 0.367412140625 0.4829787234375 0.428115015625 0.5042553187500001 0.46964856250000003 0.5425531921875 0.47284344999999994 0.6446808515625 0.4472843453125 0.638297871875 0.428115015625 0.64042553125 0.34185303437500003 0.6531914890625 0.252396165625 0.6446808515625 0.191693290625 0.6617021281250001 0.1405750796875 0.672340425 0.038338657812499996 0.6531914890625 0.0255591046875 0.606382978125 0.0223642171875 0.5510638296875 0.0479233234375 0.525531915625 0.14376996875 0.5212765953125 0.22683706093749997