4 0.680920553125 0.642961046875 0.6809121874999999 0.671622109375 0.6594375546875 0.6334173125 0.646142390625 0.6079176828125 0.6359251015625 0.6017437218749999 0.633015946875 0.613847578125 0.646828271875 0.6282376234375 0.6795236890624999 0.68830435 0.6886559906249999 0.6871135953125 0.6889453999999999 0.6436516609375 0.680920553125 0.642961046875
4 0.6334991765625 0.515831984375 0.6508924406250001 0.519023134375 0.6621947171875 0.5325618109375 0.6539703203125 0.5383488078124999 0.6459089062500001 0.5274892921875 0.6423869953125 0.53961100625 0.6498946828125 0.5514112109375 0.6776091921875 0.5432069828125 0.6713270171875 0.5313710578124999 0.6540011453125001 0.5004416671875 0.6234224125 0.5022575875 0.616845090625 0.485807553125 0.6060291484375 0.49906643749999996 0.597436471875 0.47990152343750003 0.5726452156249999 0.495416878125 0.5772662093750001 0.5100748546875 0.5994068968749999 0.5011085609375 0.6053714625 0.5175764578125001 0.6159878515625 0.5107951875000001 0.6245439640625 0.5197912 0.6334991765625 0.515831984375
4 0.6379457171875 0.45098439062500006 0.6270566453125 0.44390547187499996 0.610430759375 0.45271100468750003 0.596573503125 0.45681311406249997 0.6015711375 0.467761940625 0.6089242015624999 0.4675475984375 0.6072995859375 0.48053855156249997 0.6146526515625 0.480324209375 0.6173847171875 0.4654518859375 0.6298984046875 0.45953985468749997 0.646302275 0.46645801562500006 0.6524073625 0.4755254765625 0.6637180046875 0.46040308750000003 0.6760546062499999 0.45172259062500003 0.6933888406250001 0.45399091875 0.699538859375 0.444566221875 0.7187113625 0.4467809625 0.7335721093750001 0.4583668203125 0.754228703125 0.45499104843750005 0.7489359234374999 0.4394281125 0.7325686171875 0.4426788515625 0.713677159375 0.4256632359375 0.6900158203125 0.43005113906250003 0.6762766234375001 0.435998896875 0.6544760125 0.4310871359375 0.646341471875 0.3998898140625 0.6349240046875 0.40854351875 0.6461335546875 0.43502849218749995 0.652910425 0.44500091093750005 0.6662729859375001 0.442762303125 0.6514263359375 0.4505914265625 0.6379457171875 0.45098439062500006
4 0.7345637125 0.41280698437499996 0.720329175 0.398012578125 0.7074112593749999 0.387182253125 0.7024636328125 0.39292992031249996 0.6898207109375 0.3780891171875 0.68163874375 0.383130575 0.6923322890625 0.3924247609375 0.6970876859375 0.40029105937500004 0.7084845453125 0.4039612953125 0.7217285625 0.411580146875 0.7055374046875 0.4160545875 0.7188325343749999 0.42447243749999997 0.736870853125 0.42394661562499997 0.7435828718749999 0.41254407187500003 0.7250285015625 0.36345443906249997 0.7093362234375 0.3591089234375 0.6893874265625 0.33807715312500003 0.6835831578125 0.34705176249999997 0.66764754375 0.35552120625 0.6670075421874999 0.378754128125 0.6739045484374999 0.37855307968749996 0.673994559375 0.36334110937499997 0.6888690953125 0.35490259218750003 0.704266928125 0.3712640734375 0.71884701875 0.374841515625 0.7345637125 0.41280698437499996
4 0.6642522265624999 0.2027262265625 0.66284559375 0.21397411875 0.649652684375 0.20715426875 0.634305959375 0.191591790625 0.6295627703125 0.20053546875 0.64554225 0.2176804828125 0.6538580921875 0.22304151874999997 0.6699275828125 0.2249745625 0.6865714765625001 0.252506603125 0.6922151750000001 0.2659504515625 0.705734190625 0.269558828125 0.7060725015625 0.28315732968749996 0.703707009375 0.2960341546875 0.706749125 0.31035433125 0.710117340625 0.3214630328125 0.6987593828125 0.301781821875 0.6918696203125 0.2771674140625 0.6843276546875 0.25897594687500003 0.679041715625 0.25112511406250004 0.6670948703125 0.25547583125 0.6663404453124999 0.260300771875 0.6579734921875 0.2541407375 0.6512809234375 0.257537796875 0.6535880625 0.268677428125 0.6617505796875001 0.27164145624999997 0.6764012312500001 0.2680124171875 0.6811566296875 0.275878715625 0.683412659375 0.28621934531250004 0.6932301109375001 0.30674595312499997 0.699404346875 0.3201743359375 0.6842620609375001 0.30780786718750003 0.6770072921875 0.302415903125 0.6663843078125 0.2859152328125 0.6573456984375 0.29418363125 0.6720596671875 0.30816357031249997 0.674040703125 0.3225146765625 0.684120940625 0.3222208359375 0.6978249390625 0.33703070625 0.7093556734375001 0.3511034359375 0.725079609375 0.3642534421875 0.7477394515625 0.361191425 0.7421979703125 0.34934558125000004 0.7203436609375 0.34838165781249997 0.71725768125 0.30844701875 0.7124511734375 0.29978171875 0.716938821875 0.2868430328125 0.7119667796875 0.2589707515625 0.7067830609375 0.2527179234375 0.6961211765625 0.252228228125 0.6824366281249999 0.2294128734375 0.679669509375 0.2110822203125 0.6768001734375 0.1911535640625 0.6608329000000001 0.1908185234375 0.6642522265624999 0.2027262265625
4 0.7384167500000001 0.126118559375 0.7246604046875 0.10010333125 0.7197444359375 0.11465548750000001 0.7333267671875 0.135872840625 0.7491845781250001 0.1594253359375 0.74869790625 0.18505526562500002 0.7392576671875 0.162116184375 0.728116353125 0.1624409578125 0.7274713875 0.144048446875 0.7180750171875 0.1467238265625 0.721973771875 0.157817065625 0.708831971875 0.1517962171875 0.7118229781250001 0.1653173921875 0.7216598765625 0.1778385125 0.7311584671875 0.17676113437500002 0.7393526421875001 0.18852965 0.7508833765625 0.2026023796875 0.756303190625 0.22085570312499997 0.7408031390625001 0.2028962203125 0.731190125 0.185565621875 0.72295705 0.1898080765625 0.7299684765625 0.2080150046875 0.73684603125 0.21581944218750002 0.745366309375 0.22437648437500002 0.7495206078125001 0.2394647328125 0.7585519781250001 0.25601179375 0.7689072078125 0.251707478125 0.760113646875 0.1973302421875 0.756874909375 0.1383883703125 0.7573810328125 0.10475295625 0.7761737765625 0.0994021921875 0.764265828125 0.087741934375 0.7523578843750001 0.076081675 0.75332895 0.0912627140625 0.7409732296875 0.0892214109375 0.748943521875 0.1057994046875 0.748232959375 0.1362388109375 0.7384167500000001 0.126118559375
4 0.50750678125 0.0207807875 0.5251678859375 0.022667437500000002 0.53474924375 0.031193551562499998 0.5341286953125 0.0464209828125 0.5274166765625 0.0578235296875 0.5121843765625 0.060669028125 0.49600294375000004 0.061140721875000005 0.4992592171875 0.074654165625 0.5200013390625 0.07485001718749999 0.5235934421875 0.081149240625 0.530093784375 0.0913661515625 0.54363225 0.0869690421875 0.5364480421875 0.074370590625 0.5359880625 0.067179571875 0.5523836578125 0.06590114687500001 0.55931231875 0.07450458125000001 0.569066453125 0.077422215625 0.5753623578125 0.084443115625 0.57592455625 0.0932321390625 0.5651921109375 0.099948928125 0.5720952203125 0.10815286406249999 0.5829554375 0.10343358124999999 0.5901979953125001 0.09201557187500001 0.5951261703124999 0.0942733875 0.6002076734374999 0.09892821406249999 0.6023103765625 0.1068718359375 0.5881708156250001 0.118490896875 0.5844375921875 0.1266046421875 0.5910851546875 0.13081356718749998 0.6017787484375 0.12821209375 0.587403040625 0.1397263140625 0.576613384375 0.1372391125 0.5634910343749999 0.1232127796875 0.5550851796875 0.133063715625 0.5617899578125 0.14647663125 0.5624738234375 0.148858175 0.54951700625 0.15403881875 0.5414883640625 0.1614772859375 0.546805959375 0.1781326015625 0.5567328703125 0.1754417578125 0.5635471078125 0.165637215625 0.5724835015624999 0.15577081718750002 0.5810743390625001 0.1571213734375 0.5886040984375 0.1585028625 0.5970099531249999 0.148651925 0.6092317953124999 0.1402907375 0.591441778125 0.1696270265625 0.58950460625 0.1808903859375 0.579475478125 0.1819832296875 0.576304453125 0.19888599375 0.5827475828125 0.1998989140625 0.591210646875 0.199251965625 0.58465195625 0.21305151718749998 0.5799007796875 0.22187035000000002 0.5696046406249999 0.22709851250000002 0.561882653125 0.23933099218749998 0.5637359171874999 0.2516845921875 0.5749538953125 0.2525583234375 0.587686825 0.25218715625 0.5895217796875001 0.23932579375000002 0.6035785765624999 0.21810324374999998 0.607912896875 0.202767553125 0.60178976875 0.1901381703125 0.6056252062499999 0.18362243281249999 0.6091150921875 0.188323653125 0.6135954953125 0.20020042500000002 0.6068956828125 0.22841294531249998 0.612456615625 0.2322533015625 0.6201786046875 0.22002082500000003 0.6220646671875001 0.20795846718750002 0.62882779375 0.1973549234375 0.6242962828125 0.1846791484375 0.6181537031250001 0.18005525625000002 0.6370097609375 0.192313465625 0.6454156156249999 0.1824625296875 0.647148353125 0.1680031640625 0.6507793562499999 0.15829142031250001 0.6571238890625 0.145298603125 0.6504093875 0.13588842968749998 0.640239140625 0.151394240625 0.641107990625 0.1649772765625 0.637681421875 0.177885034375 0.6304777625 0.173292071875 0.63819975 0.1610595953125 0.637107015625 0.1522860359375 0.6468683921875 0.13038820625 0.6452645687499999 0.11362462656250001 0.6404386093750001 0.1129648140625 0.6523026921875 0.0990106109375 0.6363037625 0.089871084375 0.6379148265625 0.08181920000000001 0.64943335625 0.079081953125 0.6581142046874999 0.06522054375 0.6647117984375 0.0354100203125 0.658537559375 0.0219816390625 0.6515383406249999 0.0205846859375 0.6350916359375 0.021064112500000003 0.6270824453125 0.0204970921875 0.6215459296875 0.050276679687500006 0.6012054328125 0.08128830625 0.588216959375 0.077664465625 0.605028665625 0.057962590625 0.6060069765625 0.048328171875 0.6142911625 0.0448847171875 0.6219109328125 0.0310542359375 0.61886881875 0.016734059375 0.6200683296875 0.014432249999999999 0.6089279203125 0.0141729546875 0.613748415625 0.0280902078125 0.60496535 0.040353615625 0.60197434375 0.026832440625 0.605177028125 0.0187341640625 0.6048792390625 0.014078720312500001 0.5971596390625 0.0138990453125 0.5939334953125 0.01746093125 0.5791806265624999 0.0194919671875 0.5823955187500001 0.028203662499999997 0.59283351875 0.033502835937499996 0.5957028515625 0.053431490625 0.5796966796875 0.0691074203125 0.563391096875 0.0551738796875 0.5520136875 0.043498156249999996 0.5486138109375001 0.0235849671875 0.5562885046875 0.012947759375000001 0.5062400640625 0.01178286875 0.49855818125000007 0.013837215625 0.50750678125 0.0207807875
4 0.38260937031250003 0.3117981828125 0.40835747031249997 0.2822299078125 0.406529759375 0.270275809375 0.396673409375 0.2657601703125 0.386203753125 0.2516565125 0.377401234375 0.27192540468750004 0.388350321875 0.28521459843749997 0.38153608437500003 0.29501913750000003 0.3658243546875 0.2986791078125 0.3587862328125 0.313293125 0.37033641875 0.31936036875 0.38260937031250003 0.3117981828125
4 0.7250502296875 0.289008059375 0.731275575 0.30323544375 0.745069584375 0.30283334375000004 0.7579875015625 0.3136636671875 0.7644950859375 0.29906511562500004 0.7495511296874999 0.2814896703125 0.7389220421875 0.2565840109375 0.726399028125 0.263352996875 0.7250502296875 0.289008059375
4 0.6911563796875 0.1995404890625 0.6965761921875 0.2177938125 0.6818622249999999 0.20381387499999998 0.683037728125 0.2221909234375 0.6913341203125001 0.23555744218750002 0.6993749671875 0.2449289515625 0.713935609375 0.25651188281250004 0.7221808937499999 0.2690794015625 0.7281579390624999 0.254496315625 0.7070458484375 0.23189747500000002 0.7168583328125 0.210798646875 0.712652925 0.194911396875 0.708920840625 0.16980469375 0.697089559375 0.159342940625 0.6841838515625 0.1653225875 0.69591901875 0.1825913265625 0.702278240625 0.20722120312499998 0.6904603046875 0.1803489734375 0.6769923984374999 0.1775395984375 0.677177384375 0.1887410921875 0.6911563796875 0.1995404890625
4 0.7984446046875 0.256449896875 0.8017689562499999 0.2419441359375 0.8029955671875 0.261120184375 0.8217494109375 0.2717803953125 0.8194933796875 0.2614397625 0.8126036187500001 0.2368253515625 0.8023067390625 0.2171132140625 0.8063660640625001 0.20578799375 0.8175973890625 0.190251253125 0.8167990984375001 0.16946173281250002 0.8057283421875001 0.162580021875 0.8000385 0.18996260781250002 0.793438421875 0.1989604109375 0.7851323046875 0.18959663437500002 0.7791819531249999 0.17135877187499998 0.7713771984375 0.17398776093749999 0.77280824375 0.19635982031250002 0.79068599375 0.218252453125 0.7918809453125 0.2286240125 0.7925964703124999 0.23981004375 0.788588253125 0.2519342625 0.7848428234375 0.2432380296875 0.7764758734375 0.2370779953125 0.7706591359375 0.2484544390625 0.779121321875 0.261816128125 0.789846521875 0.2799148 0.7921342124999999 0.29905991875 0.8038571765625001 0.299518684375 0.7984446046875 0.256449896875
4 0.6578400234374999 0.4182454703125 0.6723178984375 0.4202249109375 0.6794582359375 0.407208896875 0.6618676906250001 0.39811576249999997 0.6608649640625 0.3741302375 0.64558155625 0.37617673749999997 0.651033028125 0.4032345484375 0.6578400234374999 0.4182454703125
4 0.15319044375 0.38972959218750003 0.1640640078125 0.3685998359375 0.1648622984375 0.38938935468749997 0.1782279859375 0.3906007234375 0.1820756328125 0.40089495937499997 0.19392026406250001 0.394946240625 0.1932752984375 0.37655372656249997 0.1823262125 0.36326453281250004 0.17983408750000002 0.34092340781249997 0.170936596875 0.3347788375 0.166027871875 0.32451553125 0.1648523703125 0.3061384859375 0.1503744953125 0.3041590421875 0.150531859375 0.327368721875 0.1528982796875 0.335304659375 0.15056444375 0.3569859703125 0.13470663125 0.333433475 0.1224668390625 0.3409946953125 0.1384959265625 0.36774416875 0.12966175156249998 0.37920857343750003 0.1297761796875 0.397616553125 0.15319044375 0.38972959218750003
4 0.21795011562500002 0.3302064109375 0.2081692875 0.3601097265625 0.190476521875 0.34941858593749997 0.18937654375 0.36546049062499997 0.1970596296875 0.3692389859375 0.2091720125 0.38409525312500004 0.2117091421875 0.3988303953125 0.2295333 0.39911130781250004 0.22669924218749998 0.3755794078125 0.2233310265625 0.3644707078125 0.2295319578125 0.3450781421875 0.23350975625 0.3345557921875 0.21795011562500002 0.3302064109375
3 0.6483353375 0.428917559375 0.644861765625 0.3406324609375 0.6520272359375 0.2487636640625 0.63937766875 0.1869345984375 0.6533904390624999 0.1341490234375 0.6575502734375 0.0292735671875 0.63718775625 0.016772865625 0.5892473328125 0.014896775000000001 0.534509528125 0.042680946875 0.5147444125 0.141464165625 0.5158393703125 0.2265450328125 0.491476103125 0.25344377812499996 0.49440219843750005 0.2991884421875 0.4751346390625 0.37176860624999997 0.489953815625 0.43353442812500004 0.5143670015625 0.47537916874999997 0.5536289875 0.4775082390625 0.6560982078125 0.44833268125 0.6483353375 0.428917559375