4 0.22439024531250001 0.673868734375 0.2736844796875 0.62049356875 0.29165868281249996 0.6094013375 0.2917999234375 0.5959540890625 0.279663996875 0.5994969359375 0.2593404 0.62232158125 0.22728722031249998 0.6560778203125001 0.234715228125 0.626185725 0.2262624546875 0.6246315421874999 0.21528384531250003 0.67003865625 0.22439024531250001 0.673868734375
4 0.264012234375 0.5230938453125 0.2904570359375 0.539504628125 0.301259203125 0.5293263953125 0.300773328125 0.5156868578125 0.28964435 0.524727140625 0.28266657500000003 0.5163611 0.29783202656249996 0.5054453328124999 0.31659240624999996 0.507046984375 0.3247979 0.5137140171875 0.33595339062499996 0.5067573328125 0.3451393171875 0.51683820625 0.3555616515625 0.50135483125 0.376062134375 0.516980615625 0.3846296375 0.503003953125 0.36309570468749996 0.47979713437499993 0.349264009375 0.49734828281250004 0.341553078125 0.4804555515625 0.330503628125 0.49574663281250003 0.2994482625 0.4851862359375 0.27356017499999996 0.512531021875 0.264012234375 0.5230938453125
4 0.20790709375 0.40938069062500004 0.22832804375000001 0.4187556734375 0.24665557031250002 0.410884984375 0.2669969890625 0.4140091734375 0.27089222031250004 0.425580934375 0.289352296875 0.42812823906249997 0.299818965625 0.44067729843750003 0.30755640624999997 0.45965362968749995 0.3162034421875 0.4519277640625 0.3349108046875 0.44936221718749997 0.3462783734375 0.459074325 0.3452362296875 0.47535852500000003 0.3527615890625 0.47766606562499997 0.35445735625 0.46365775625000005 0.36198271875 0.46596529843749995 0.36997612968750004 0.4559635375 0.3567537265625 0.44775815156250004 0.34189726875000004 0.43386302031249996 0.32883392968749997 0.43815922343749997 0.3150374359375 0.4339287328125 0.301762015625 0.42155614375 0.3149579046875 0.42767793750000005 0.32453235468749997 0.419198715625 0.342961359375 0.39475538125 0.333435365625 0.3824947640625 0.3169539765625 0.41272398125 0.2932031984375 0.41166756875 0.2805814015625 0.401570871875 0.2573251859375 0.390288759375 0.23343316875000003 0.40267959218750005 0.21740201250000002 0.39465067343750004 0.20790709375 0.40938069062500004
4 0.23385800156249997 0.381924990625 0.25231899375 0.387585778125 0.2682103765625 0.38257517343749997 0.2526783390625 0.3733200203125 0.26830971406250004 0.369128178125 0.281012134375 0.36853070468750004 0.2879559828125 0.361674965625 0.3013925234375 0.35501311874999997 0.2942650484375 0.34743660468750004 0.2773795375 0.359330353125 0.27376989375 0.35193403437500004 0.25764145781250003 0.359567440625 0.239127034375 0.3709617078125 0.26518170625000004 0.33582314062499996 0.2811419484375 0.336224628125 0.301262328125 0.32352580937500003 0.31440838125 0.3365418203125 0.3105541578125 0.3524314171875 0.317612775 0.3545958375 0.322981140625 0.3301855609375 0.308749146875 0.31683656718750003 0.30509359687500004 0.3058321828125 0.27906940156250004 0.3221116625 0.261763209375 0.3221959578125 0.2298965390625 0.3681313140625 0.23385800156249997 0.381924990625
4 0.2389355015625 0.3133991859375 0.2615032 0.323014725 0.28112651875 0.3137574796875 0.2966660796875 0.30234951250000003 0.31463753125 0.2907887515625 0.32495396875 0.293952134375 0.3307200640625 0.2795472796875 0.349517446875 0.2691382765625 0.3423440671875 0.25795369687499997 0.32711042031250004 0.2721509609375 0.31823174375 0.2757179234375 0.299411409375 0.28432289375 0.30926125625 0.2720687578125 0.32470900937499997 0.25344466875 0.329718028125 0.243300153125 0.3366618765625 0.2364444140625 0.3508250140625 0.244381315625 0.360009603125 0.24360364687499997 0.3652786359375 0.23264036250000003 0.3592600546875 0.22720086718750002 0.3490354296875 0.2312536109375 0.349509540625 0.2260080109375 0.3383212671875 0.2180848078125 0.3308344484375 0.22477405468749997 0.31833860625 0.24160781718750002 0.3048486375 0.2653247171875 0.288031984375 0.282630559375 0.2943869546875 0.2720002625 0.3012389921875 0.257928396875 0.30214130781250004 0.24382913125 0.306018484375 0.22974356562499998 0.32089278593750004 0.22981206250000003 0.3301996640625 0.217391434375 0.354503134375 0.19339634375 0.37157227187499997 0.195934853125 0.3815368859375 0.192700875 0.4024602453125 0.179349784375 0.39989063593749996 0.1686783875 0.380030265625 0.1805584359375 0.3646588984375 0.1839315046875 0.3661271390625 0.17180276562500002 0.3727421171875 0.1603536984375 0.356193 0.15617765625 0.3480638734375 0.1761473984375 0.340454765625 0.1944796046875 0.3204261984375 0.21439454531250002 0.3093067828125 0.211883440625 0.30233997968750004 0.21693514687499998 0.2899818578125 0.2445930984375 0.291251425 0.2593583390625 0.2840475671875 0.2670328484375 0.27050416875 0.30780480312499997 0.247722365625 0.3026160953125 0.2389355015625 0.3133991859375
4 0.2775458234375 0.032328534375 0.2955327046875 0.043234921875 0.2873271953125 0.07845568750000001 0.26869453125 0.13900639374999998 0.24551924375 0.1932224390625 0.25507860781249997 0.2006461578125 0.26868334374999997 0.1859494171875 0.2768813296875 0.1713917703125 0.2878859796875 0.164882715625 0.2970017078125 0.158692953125 0.308954578125 0.141692696875 0.3015670953125 0.13493495312499998 0.28715938125 0.15028396875 0.2665189859375 0.164620321875 0.27684294375 0.1471205875 0.2923825078125 0.135712621875 0.3038842203125 0.12576199999999998 0.31339767812499997 0.12957765937500001 0.3267883109375 0.11930775 0.3333803375 0.1060546515625 0.31826898125 0.10860895468750001 0.325166925 0.098145146875 0.31617348437500004 0.0926919546875 0.31073625625 0.111690134375 0.299333878125 0.1081937640625 0.2836490734375 0.129440659375 0.28979746875 0.10257407656249999 0.3122579234375 0.0825063421875 0.3317664765625 0.064228934375 0.33047395625 0.0476596609375 0.3095410984375 0.0708913046875 0.2967947484375 0.078663284375 0.303960221875 0.04671759375 0.3164790171875 0.0316878609375 0.303210671875 0.0303148140625 0.307716246875 0.016126725 0.30593011406250004 0.0160331171875 0.29284833125 0.023543371875 0.2775458234375 0.032328534375
4 0.413487084375 0.04705799375 0.42465240625 0.053177165625 0.4242242015625 0.0620308296875 0.40535795781250006 0.06702773437500001 0.413969103125 0.084942659375 0.40882235937500006 0.084262984375 0.40281920937500004 0.10129063906249999 0.40720135312499994 0.1268937703125 0.4037982890625 0.1357337375 0.4085856875 0.150679171875 0.39996701875 0.1534273640625 0.39978339375 0.1389951109375 0.4042035390625 0.1250760390625 0.3977413265625 0.106023059375 0.3883770625 0.11393361093750001 0.39154702656249996 0.12928157812500002 0.39277068593750003 0.1404387546875 0.390805384375 0.156009065625 0.39691577499999997 0.16866468750000002 0.41953690468750005 0.1612251734375 0.4120041796875 0.1643063546875 0.4040432515625 0.17624120000000001 0.4082647203125 0.1892161109375 0.4070794453125 0.2023301140625 0.4118668421875 0.217275546875 0.41859658906249997 0.2148466421875 0.4190093640625 0.183525828125 0.4267102859375 0.17240975 0.431528159375 0.168496096875 0.43379185312499996 0.1763781984375 0.4242020109375 0.1878135671875 0.424691553125 0.2050351125 0.43367747031250004 0.23115142500000002 0.43223218281250003 0.24508419843749998 0.445263471875 0.24908005000000003 0.4570558625 0.2513482671875 0.46217193749999996 0.238990334375 0.45738453906250004 0.224044896875 0.44812581093750004 0.215674478125 0.44551557343750003 0.20513101250000002 0.44233413749999995 0.18888102812500002 0.45089165781249996 0.1919543125 0.45779731406249996 0.1927240828125 0.45891373281250003 0.17419798749999998 0.44885730468749996 0.1702158359375 0.44978257343749994 0.15792060000000002 0.43905297968749996 0.12228465 0.44948418281249997 0.1344681890625 0.455594575 0.1471238109375 0.46371617656249997 0.147817184375 0.47292371875 0.1488435484375 0.4795770828125 0.1616656625 0.48405856406250003 0.1738218046875 0.493594978125 0.1794414921875 0.5033989203125 0.16357929531249998 0.49705147031249997 0.1535464734375 0.4850372625 0.144471515625 0.48636025937499994 0.142181703125 0.4967530796875 0.1300940609375 0.4906426875 0.1174384390625 0.47347421562500003 0.1283469234375 0.46170477656250003 0.127882740625 0.4498710609375 0.11180055625 0.46022110937500005 0.11754433125 0.46816679843750003 0.115039028125 0.466423121875 0.1055193875 0.45486007500000003 0.0893947953125 0.4590890703125 0.08170659062499999 0.46553585468750003 0.07829241718749999 0.4712026140625 0.07733455624999999 0.47570704687500004 0.0912947265625 0.4856793796875 0.099294325 0.4949251125 0.09269517968749999 0.4856028046875 0.0826486578125 0.48846290000000003 0.0736421984375 0.49677565156250003 0.068104709375 0.507589153125 0.06782651875 0.5169648890625 0.0608179890625 0.5335369625 0.0667980609375 0.531196884375 0.0741669828125 0.520521103125 0.0852693625 0.5333382890625 0.09369204375 0.5426910765625 0.0848794765625 0.548028965625 0.07932828750000001 0.5694648171875001 0.0850027796875 0.5763283312499999 0.0718329265625 0.559767734375 0.066754865625 0.54480161875 0.0594702421875 0.54084015625 0.045676562500000004 0.5441514078125 0.0296204734375 0.5461092562500001 0.028620373437500003 0.5275007984375 0.0276451453125 0.523159190625 0.037559468750000005 0.508399653125 0.046511128125 0.487973359375 0.05642065 0.47553847187500004 0.0355362390625 0.4797690125 0.025143628125 0.46229095625000005 0.024227642187500002 0.466239115625 0.02729375 0.4647479234375 0.03761845625 0.476968709375 0.062929703125 0.462637378125 0.06302769531249999 0.44971295 0.0249217359375 0.44979641406250004 0.023572831250000002 0.408381115625 0.021402346875 0.40813376406249996 0.030142034374999998 0.413487084375 0.04705799375
4 0.6523726125 0.3736847578125 0.6489082125000001 0.3564495109375 0.633659134375 0.34817961875000003 0.6291776546875 0.33602348125 0.6439142390625 0.325267790625 0.640098015625 0.3016351859375 0.6256443953125 0.3133761359375 0.6143108765624999 0.3152918640625 0.6093248078125 0.327240409375 0.6281989546875 0.36537376875 0.6388901671875 0.3767385390625 0.6523726125 0.3736847578125
4 0.2407017515625 0.2609294734375 0.256830190625 0.253296065625 0.27094741875 0.257624903125 0.281057278125 0.24455200000000002 0.28632334375 0.2174148640625 0.2751685109375 0.20680642656249998 0.25774774375 0.22976725625 0.237780321875 0.24386071875 0.2407017515625 0.2609294734375
4 0.2891864015625 0.2245822578125 0.300948125 0.21381286562500001 0.31896548281250003 0.20586016875 0.3296871703125 0.19836585625 0.3417089 0.186777696875 0.3476890984375 0.16794600937499998 0.328891715625 0.17835501250000002 0.339215675 0.1608552765625 0.35643005781250003 0.15355485468750002 0.3595272046875 0.14192559531249999 0.3449129109375 0.141038328125 0.3257561828125 0.16571309218750002 0.338703184375 0.1418296953125 0.3552827765625 0.1271466546875 0.3435285796875 0.11725292968750001 0.32861608750000004 0.12480994062499999 0.318253934375 0.1499351859375 0.30979594062500004 0.16531160312499998 0.31443809218749996 0.190095965625 0.2868079421875 0.2076799984375 0.2891864015625 0.2245822578125
4 0.263138490625 0.111470934375 0.2557739625 0.10651722187499998 0.24490703125 0.1238504671875 0.23391385781250001 0.13126153125 0.22944385312499999 0.12000740937500001 0.230682559375 0.089838353125 0.217483075 0.09387739843750001 0.211265821875 0.115331884375 0.21881397656249998 0.13471785 0.22006058906249998 0.147679059375 0.2043298796875 0.165317890625 0.190839909375 0.18903478906249999 0.1858308875 0.19917930625 0.2079320015625 0.1933773265625 0.21417220625 0.173726871875 0.21383581562499998 0.1897966640625 0.197080496875 0.23317771875 0.209285853125 0.23602181249999998 0.2166120015625 0.216704346875 0.232365665625 0.200869546875 0.24455707499999998 0.18933341406249998 0.24151187031250002 0.175820696875 0.2312872484375 0.179873440625 0.2251693328125 0.1878809390625 0.2241827265625 0.1741009625 0.2278228484375 0.16263819375 0.23174592968750002 0.15216069375000002 0.25585825 0.13439646875 0.263138490625 0.111470934375
4 0.301377475 0.3963393546875 0.3168176984375 0.39837838125 0.32773053750000003 0.3846532015625 0.3403716203125 0.3579805125 0.325145496875 0.35151465625 0.31788821093749997 0.3762442171875 0.29739305781250003 0.380741646875 0.301377475 0.3963393546875
4 0.8297022921874999 0.45321817031249995 0.8213361109375 0.47581071093749994 0.806599528125 0.48656639999999995 0.8011623 0.505564584375 0.8118305593749999 0.5151253234375 0.8184684921875001 0.5054802875 0.8325627671875001 0.5080050953125 0.8387800203125 0.4865506078125 0.8445081140624999 0.5116679578125 0.866601703125 0.5265290984375001 0.8714959625 0.5073644234375 0.8653626140625 0.49290477031249996 0.8888291703125001 0.46955155 0.8781718953125001 0.4581971859375 0.8557114390624999 0.47826492187499997 0.8589308765625001 0.45499270625 0.86342976875 0.44738725625000003 0.8696141828125 0.42322720937499997 0.8541739578125 0.42118818593749996 0.8481937609375001 0.44001987031249995 0.8404698859374999 0.4493319171875 0.8297022921874999 0.45321817031249995
4 0.7760151109375 0.43136481406250005 0.777385990625 0.44346563124999994 0.7787473671875 0.4654469984375 0.772392396875 0.47607729374999996 0.7633647156250001 0.499814746875 0.7818142328125 0.504573515625 0.7882533015625001 0.489925771875 0.8045958421874999 0.47786552968749996 0.8134974703125 0.47610260000000004 0.816525759375 0.45906124375 0.7955105890625 0.4651962125 0.793185559375 0.4312388953125 0.7760151109375 0.43136481406250005
3 0.3958701203125 0.162384121875 0.366785796875 0.223278575 0.3503363328125 0.3211165046875 0.3238479203125 0.4122017875 0.3108068296875 0.43024905625 0.40888200625 0.4897171796875 0.44991336249999997 0.4986244796875 0.485940628125 0.46190509999999996 0.5172454 0.40169151562499994 0.5162128765625 0.32053911875 0.531098953125 0.2736627546875 0.5129599046875 0.2387058546875 0.5361645796875 0.150288015625 0.5414179390625 0.041668259375 0.5258035125 0.027556193750000003 0.4120742 0.02159589375 0.39511919375 0.10336419687500001 0.3958701203125 0.162384121875